INC_STATE_SK,CATEGORY_SK,INCIDENT_NUMBER,COMPANY_SK,SUBCATEGORY_SK,OPENED_BY_SK,RESOLVE_BY_SK,RESOLVED_BY_GROUP_SK,SUPPORT_FUNCTION_SK,CONTACT_TYPE_SK,PRIORITY_SK,MAJOR_INCIDENT,RESOLVED_FIRST_CONTACT,REASSIGNMENT_COUNT,SUPPORTABLE,ESCALATION,SYSTEM_MOD_COUNT,UPON_APPROVAL,UPON_REJECT,RESOLVED_AT_DTTM,CLOSED_AT_DTTM,INC_URGENCY_SK,INC_IMPACT_SK,INC_ESCALATION_SK,REWORK_COUNT,IMPACT,CREATED_DTTM,Year,Month
6,24,INC47968391,"266,226,194",121,"6,313,447,475","6,817,328,029","103,830,082","569,276,714",6,3,0,1,1,1,0,21,proceed,cancel,2023-12-19 14:00:34.000,2023-12-23 07:50:13.000,3,3,1,0,2,2023-12-15 18:23:16,2023,12
6,31,INC47964599,"266,226,194",52,"6,867,816,819","6,867,816,819","103,830,082","569,369,906",7,3,0,1,1,1,0,10,proceed,cancel,2023-12-15 15:06:01.000,2023-12-19 09:02:01.000,3,3,1,0,2,2023-12-15 13:09:03,2023,12
6,25,INC47970988,"266,226,194",63,"6,352,927,241","6,352,927,241","103,974,889","569,277,277",6,3,0,1,0,1,0,5,proceed,cancel,2023-12-15 23:07:13.000,2023-12-19 09:02:08.000,3,3,1,0,2,2023-12-15 23:06:13,2023,12
6,24,INC47968570,"266,226,194",121,"6,313,447,475","6,313,447,475","103,974,889","569,276,714",6,3,0,1,0,1,0,11,proceed,cancel,2023-12-19 13:49:51.000,2023-12-22 08:02:03.000,3,3,1,0,2,2023-12-15 18:37:58,2023,12
6,25,INC47967846,"266,226,194",63,"6,264,845,105","6,264,845,105","103,974,889","569,255,098",6,3,0,1,0,1,0,8,proceed,cancel,2023-12-15 17:43:51.000,2023-12-19 09:02:04.000,3,3,1,1,2,2023-12-15 17:42:05,2023,12
6,31,INC47970639,"166,126,616",16,"5,796,265,501","6,016,140,447","52,728,392","414,111,943",10,3,0,0,1,1,0,11,proceed,cancel,2023-12-16 20:54:09.000,2023-12-30 07:31:09.000,3,3,1,0,2,2023-12-15 22:02:28,2023,12
6,31,INC47965340,"166,126,616",122,"5,936,352,761","6,059,124,548","79,181,792","576,164,409",10,3,0,0,1,1,0,7,proceed,cancel,2023-12-15 16:32:20.000,2023-12-23 07:42:25.000,3,3,1,0,2,2023-12-15 14:24:19,2023,12
6,24,INC47970832,"166,126,616",51,"6,011,198,225","5,703,040,921","52,728,392","591,460,505",10,3,0,0,1,1,0,6,proceed,cancel,2023-12-18 14:45:03.000,2023-12-26 08:58:07.000,3,3,1,0,2,2023-12-15 22:34:27,2023,12
6,24,INC47968618,"266,226,194",121,"6,264,845,105","6,264,845,105","103,974,889","569,308,432",6,3,0,1,0,1,0,18,proceed,cancel,2023-12-18 18:50:28.000,2023-12-22 08:01:43.000,3,3,1,0,2,2023-12-15 18:42:02,2023,12
6,24,INC47970268,"140,946,784",105,"5,848,267,268","6,345,982,539","80,859,673","-99,999",3,5,0,0,0,0,0,6,proceed,cancel,2023-12-16 12:26:00.000,2023-12-16 12:26:26.000,3,3,1,0,2,2023-12-15 21:17:35,2023,12
6,24,INC47971677,"266,226,194",121,"6,352,927,241","6,352,927,241","103,974,889","569,480,995",6,3,0,1,0,1,0,5,proceed,cancel,2023-12-16 03:05:50.000,2023-12-19 09:02:10.000,3,3,1,0,2,2023-12-16 02:45:46,2023,12
6,24,INC47968619,"266,226,194",121,"6,247,695,725","6,247,695,725","103,974,889","569,280,921",6,3,0,1,0,1,0,6,proceed,cancel,2023-12-15 18:50:29.000,2023-12-19 09:02:06.000,3,3,1,0,2,2023-12-15 18:42:03,2023,12
6,25,INC47968578,"266,226,194",63,"6,264,845,105","6,264,845,105","103,974,889","569,255,098",6,3,0,1,0,1,0,5,proceed,cancel,2023-12-15 18:44:59.000,2023-12-19 09:02:06.000,3,3,1,0,2,2023-12-15 18:38:37,2023,12
6,31,INC47966411,"166,126,616",122,"5,703,041,013","6,059,124,548","79,181,792","572,649,035",10,3,0,0,1,0,0,7,proceed,cancel,2024-01-03 19:40:54.000,2024-01-11 08:31:39.000,3,3,1,0,2,2023-12-15 15:54:06,2023,12
6,24,INC47968239,"266,226,194",121,"6,838,119,269","6,838,119,269","103,974,889","569,338,790",6,3,0,1,2,1,0,24,proceed,cancel,2023-12-15 20:13:39.000,2023-12-19 09:02:05.000,3,3,1,0,2,2023-12-15 18:15:03,2023,12
6,24,INC47971131,"266,226,194",51,"3,790,156,078","6,838,119,269","103,974,889","569,477,533",10,3,0,1,0,1,0,18,proceed,cancel,2023-12-21 15:19:03.000,2023-12-25 08:47:01.000,3,3,1,0,2,2023-12-15 23:32:17,2023,12
6,24,INC47963165,"140,946,784",105,"5,848,267,268","6,345,982,539","80,859,673","-99,999",3,3,0,0,0,0,0,14,proceed,cancel,2023-12-16 07:20:09.000,2023-12-16 07:20:44.000,3,3,1,0,2,2023-12-15 07:37:10,2023,12
6,31,INC47969849,"166,126,616",52,"6,819,139,276","6,770,881,793","52,728,392","572,579,338",6,3,0,0,1,1,0,5,proceed,cancel,2023-12-15 21:23:54.000,2023-12-23 07:42:26.000,3,3,1,0,2,2023-12-15 20:29:16,2023,12
6,24,INC47963180,"140,946,784",105,"5,848,267,268","5,848,267,268","80,859,673","-99,999",3,3,0,0,0,0,0,5,proceed,cancel,2023-12-15 08:53:14.000,2023-12-16 07:20:58.000,3,3,1,0,2,2023-12-15 07:42:37,2023,12
6,24,INC47965917,"266,226,194",121,"6,817,328,779","6,817,328,779","103,830,079","569,361,340",4,3,0,0,1,1,0,12,proceed,cancel,2023-12-18 19:47:43.000,2023-12-22 08:01:42.000,3,3,1,0,2,2023-12-15 15:10:22,2023,12
6,31,INC47965682,"266,226,194",122,"3,790,156,078","6,247,695,725","103,974,889","569,288,150",10,3,0,1,0,1,0,16,proceed,cancel,2023-12-20 22:57:29.000,2023-12-24 08:53:10.000,3,3,1,0,2,2023-12-15 14:52:06,2023,12
6,24,INC47970101,"166,126,616",51,"6,788,179,223","5,703,040,455","52,728,392","571,423,726",10,3,0,0,1,1,0,8,proceed,cancel,2024-01-03 17:51:53.000,2024-01-11 08:31:39.000,3,3,1,0,2,2023-12-15 20:57:30,2023,12
6,24,INC47964835,"266,226,194",121,"3,790,156,078","6,867,816,819","103,830,082","569,288,150",10,3,0,1,1,1,0,14,proceed,cancel,2023-12-21 19:38:56.000,2023-12-25 08:47:00.000,3,3,1,0,2,2023-12-15 13:37:10,2023,12
6,31,INC47967781,"166,126,616",122,"5,796,265,454","5,703,041,143","87,971,197","215,063,806",10,3,0,0,1,1,0,8,proceed,cancel,2024-01-05 16:23:45.000,2024-01-13 07:59:58.000,3,3,1,0,2,2023-12-15 17:37:04,2023,12
6,24,INC47964575,"266,226,194",121,"6,838,119,269","6,838,119,269","103,974,889","569,311,341",6,3,0,1,0,1,0,9,proceed,cancel,2023-12-15 13:11:40.000,2023-12-19 09:02:00.000,3,3,1,0,2,2023-12-15 13:06:05,2023,12
6,24,INC47967195,"166,126,616",27,"2,438,429,805","6,016,140,447","52,728,392","572,494,758",6,4,0,0,1,1,0,5,proceed,cancel,2023-12-16 20:58:41.000,2023-12-24 08:46:33.000,2,2,1,0,1,2023-12-15 16:55:54,2023,12
6,24,INC47964676,"140,946,784",105,"5,848,267,268","5,848,267,268","76,615,600","-99,999",3,5,0,0,0,0,0,8,proceed,cancel,2023-12-15 22:23:13.000,2023-12-23 07:40:02.000,3,3,1,0,2,2023-12-15 13:18:52,2023,12
6,24,INC47889850,"140,946,784",105,"5,848,267,268","5,848,267,268","76,615,600","-99,999",3,3,0,0,0,0,0,25,proceed,cancel,2023-12-06 19:23:14.000,2023-12-14 07:47:33.000,3,3,1,0,2,2023-12-06 15:05:10,2023,12
6,24,INC47895278,"140,946,784",105,"5,848,267,268","5,848,267,268","80,859,673","-99,999",3,3,0,0,0,0,0,23,proceed,cancel,2023-12-07 05:53:13.000,2023-12-15 07:47:15.000,3,3,1,0,2,2023-12-06 21:39:42,2023,12
6,24,INC47893491,"166,126,616",121,"3,141,987,178","6,016,140,447","52,728,392","561,183,411",6,3,0,0,1,1,0,6,proceed,cancel,2023-12-11 18:21:16.000,2023-12-19 08:50:38.000,3,3,1,0,2,2023-12-06 19:19:44,2023,12
6,24,INC47887138,"140,946,784",105,"5,848,267,268","5,848,267,268","76,615,600","-99,999",3,5,0,0,0,0,0,11,proceed,cancel,2023-12-06 11:53:13.000,2023-12-08 08:48:33.000,3,3,1,0,2,2023-12-06 10:26:36,2023,12
6,24,INC47889897,"140,946,784",105,"5,848,267,268","5,916,170,592","76,615,600","-99,999",3,3,0,0,4,0,0,59,proceed,cancel,2023-12-19 03:33:15.000,2023-12-19 03:33:35.000,3,3,1,1,2,2023-12-06 15:08:15,2023,12
6,24,INC47887997,"266,226,194",121,"6,264,845,105","6,867,816,819","103,830,082","569,324,130",6,3,0,1,1,1,0,14,proceed,cancel,2023-12-07 14:49:21.000,2023-12-11 09:07:32.000,3,3,1,0,2,2023-12-06 12:15:24,2023,12
6,24,INC47894869,"166,126,616",121,"3,141,987,178","3,141,987,178","52,729,432","215,060,468",6,3,0,1,0,1,0,3,proceed,cancel,2023-12-06 21:05:31.000,2023-12-14 08:26:05.000,3,3,1,0,2,2023-12-06 21:01:02,2023,12
6,24,INC47894557,"166,126,616",51,"6,819,139,276","6,770,881,793","52,728,392","572,694,952",6,3,0,0,1,0,0,8,proceed,cancel,2023-12-12 20:26:59.000,2023-12-20 08:26:34.000,3,3,1,0,2,2023-12-06 20:39:37,2023,12
6,24,INC47894933,"266,226,194",51,"3,790,156,078","6,817,329,420","103,830,082","569,434,838",10,3,0,1,1,1,0,12,proceed,cancel,2023-12-06 21:36:50.000,2023-12-06 21:36:56.000,3,3,1,0,2,2023-12-06 21:06:19,2023,12
6,24,INC47888078,"266,226,194",121,"6,264,845,105","6,264,845,105","103,974,889","569,393,147",4,3,0,1,0,1,0,19,proceed,cancel,2023-12-12 12:32:47.000,2023-12-16 08:02:04.000,3,3,1,0,2,2023-12-06 12:31:16,2023,12
6,24,INC47970125,"166,126,616",51,"6,856,504,688","6,197,463,044","52,728,393","572,579,338",10,3,0,0,2,1,0,9,proceed,cancel,2023-12-18 17:22:10.000,2023-12-26 08:58:06.000,3,3,1,0,2,2023-12-15 21:01:31,2023,12
6,24,INC47968402,"166,126,616",51,"5,996,224,686","5,703,040,921","52,728,392","572,587,018",10,3,0,0,1,0,0,12,proceed,cancel,2023-12-20 21:20:54.000,2023-12-28 08:07:01.000,3,3,1,0,2,2023-12-15 18:23:49,2023,12
6,24,INC47971513,"140,946,784",105,"5,848,267,268","6,345,982,539","61,667,736","-99,999",3,3,0,0,0,0,0,9,proceed,cancel,2023-12-16 08:29:08.000,2023-12-16 08:29:45.000,3,3,1,0,2,2023-12-16 01:20:52,2023,12
6,24,INC47971447,"140,946,784",105,"5,848,267,268","5,848,267,268","80,859,673","-99,999",3,5,0,0,0,0,0,14,proceed,cancel,2023-12-16 02:53:13.000,2023-12-23 07:40:08.000,3,3,1,0,2,2023-12-16 00:56:51,2023,12
6,24,INC47964440,"266,226,194",121,"6,264,845,105","6,867,816,819","103,830,082","569,338,790",6,3,0,0,1,1,0,30,proceed,cancel,2023-12-18 17:19:11.000,2023-12-22 08:01:41.000,3,3,1,0,2,2023-12-15 12:49:17,2023,12
6,24,INC47964630,"140,946,784",105,"5,848,267,268","5,848,267,268","80,859,673","-99,999",3,3,0,0,0,0,0,8,proceed,cancel,2023-12-15 22:23:14.000,2023-12-23 07:40:01.000,3,3,1,0,2,2023-12-15 13:11:52,2023,12
6,31,INC47968209,"266,226,194",122,"6,817,330,198","6,313,447,475","103,974,889","569,477,689",10,3,0,1,0,1,0,15,proceed,cancel,2023-12-19 13:54:48.000,2023-12-23 07:50:12.000,3,3,1,0,2,2023-12-15 18:13:14,2023,12
6,31,INC47890676,"166,126,616",16,"6,863,186,660","6,863,186,660","52,728,393","214,602,738",10,3,0,0,1,1,0,9,proceed,cancel,2023-12-11 16:20:33.000,2023-12-11 16:20:33.000,3,3,1,0,2,2023-12-06 15:57:19,2023,12
6,24,INC47887830,"266,226,194",121,"6,200,018,870","6,200,018,870","103,974,889","569,276,714",6,3,0,1,0,1,0,8,proceed,cancel,2023-12-06 12:10:08.000,2023-12-10 10:25:56.000,3,3,1,0,2,2023-12-06 11:51:10,2023,12
6,31,INC47891760,"166,126,616",122,"6,322,476,958","541,413","52,729,432","215,113,884",10,3,0,1,0,1,0,15,proceed,cancel,2023-12-12 12:46:31.000,2023-12-20 08:26:34.000,3,3,1,0,2,2023-12-06 17:11:12,2023,12
6,31,INC47895782,"266,226,194",122,"6,867,620,605","6,867,816,743","103,830,082","569,393,051",4,3,0,1,1,1,0,15,proceed,cancel,2023-12-08 18:57:58.000,2023-12-12 09:21:10.000,3,3,1,0,2,2023-12-06 22:36:07,2023,12
6,31,INC47892325,"166,126,616",16,"6,819,139,276","5,703,040,455","52,728,392","561,183,411",6,3,0,0,1,1,0,5,proceed,cancel,2023-12-06 19:01:38.000,2023-12-14 08:26:04.000,3,3,1,0,2,2023-12-06 17:55:27,2023,12
6,24,INC47892610,"166,126,616",121,"6,853,836,737","6,770,881,793","52,728,392","561,183,411",6,3,0,0,2,1,0,6,proceed,cancel,2023-12-06 19:13:55.000,2023-12-14 08:26:04.000,3,3,1,0,2,2023-12-06 18:16:17,2023,12
6,24,INC47891471,"166,126,616",121,"6,853,836,737","5,703,040,455","52,728,392","572,579,338",6,3,0,0,1,1,0,9,proceed,cancel,2023-12-14 20:27:39.000,2023-12-22 07:52:46.000,3,3,1,0,2,2023-12-06 16:51:26,2023,12
6,24,INC47888746,"140,946,784",105,"5,848,267,268","6,345,982,539","80,859,673","-99,999",3,3,0,0,0,0,0,19,proceed,cancel,2023-12-09 08:01:18.000,2023-12-09 08:01:39.000,3,3,1,0,2,2023-12-06 13:47:45,2023,12
6,31,INC47894149,"166,126,616",52,"5,703,041,181","5,703,040,921","52,728,392","576,102,820",10,3,0,0,1,0,0,8,proceed,cancel,2023-12-12 15:32:58.000,2023-12-20 08:26:34.000,3,3,1,0,2,2023-12-06 20:09:01,2023,12
6,24,INC47888004,"140,946,784",105,"5,848,267,268","5,848,267,268","80,859,673","-99,999",3,3,0,0,0,0,0,8,proceed,cancel,2023-12-06 13:23:14.000,2023-12-15 07:47:12.000,3,3,1,0,2,2023-12-06 12:17:00,2023,12
6,24,INC47893595,"166,126,616",121,"3,141,987,178","6,016,140,447","52,728,392","571,371,518",6,3,0,0,0,0,0,6,proceed,cancel,2023-12-11 13:07:05.000,2023-12-19 08:50:39.000,3,3,1,0,2,2023-12-06 19:27:06,2023,12
6,24,INC47964050,"266,226,194",121,"3,790,156,078","6,817,328,029","103,830,082","569,295,949",10,3,0,1,1,0,0,18,proceed,cancel,2023-12-20 14:24:18.000,2023-12-24 08:53:09.000,3,3,1,0,2,2023-12-15 10:50:20,2023,12
6,24,INC47966628,"266,226,194",121,"3,790,156,078","6,817,329,420","103,830,082","569,350,162",10,3,0,0,1,1,0,14,proceed,cancel,2023-12-19 01:11:26.000,2023-12-19 01:11:34.000,3,3,1,0,2,2023-12-15 16:13:34,2023,12
6,31,INC47970779,"266,226,194",122,"3,790,156,078","6,799,802,581","103,974,889","569,280,921",10,3,0,1,0,1,0,4,proceed,cancel,2023-12-15 23:12:09.000,2023-12-19 09:02:08.000,3,3,1,0,2,2023-12-15 22:23:19,2023,12
6,24,INC47970575,"140,946,784",105,"5,848,267,268","5,848,267,268","80,859,673","-99,999",3,3,0,0,0,0,0,16,proceed,cancel,2023-12-16 06:53:13.000,2023-12-24 07:56:22.000,3,3,1,0,2,2023-12-15 21:53:50,2023,12
6,24,INC47967756,"166,126,616",121,"3,141,987,178","3,141,987,178","52,729,432","571,423,726",6,3,0,1,0,1,0,3,proceed,cancel,2023-12-15 17:40:48.000,2023-12-23 07:42:26.000,3,3,1,0,2,2023-12-15 17:34:43,2023,12
6,24,INC47964125,"266,226,194",121,"6,304,994,586","6,304,994,586","103,974,889","569,454,137",6,3,0,1,0,1,0,6,proceed,cancel,2023-12-15 11:37:08.000,2023-12-19 09:02:00.000,3,3,1,0,2,2023-12-15 11:29:33,2023,12
6,24,INC47969392,"266,226,194",121,"6,264,845,105","6,264,845,105","103,974,889","569,362,801",6,3,0,1,0,1,0,11,proceed,cancel,2023-12-15 20:00:36.000,2023-12-19 09:02:07.000,3,3,1,0,2,2023-12-15 19:46:10,2023,12
6,24,INC47971341,"166,126,616",27,"6,842,456,985","6,016,140,447","52,728,392","572,494,758",6,4,0,0,1,1,0,14,proceed,cancel,2023-12-16 20:53:45.000,2023-12-24 08:46:34.000,2,2,1,0,1,2023-12-16 00:23:21,2023,12
6,31,INC47971533,"166,126,616",16,"6,343,571,534","6,343,571,534","52,729,432","571,456,467",6,3,0,1,0,0,0,3,proceed,cancel,2023-12-16 01:29:39.000,2023-12-23 07:42:27.000,3,3,1,0,2,2023-12-16 01:27:33,2023,12
6,24,INC47971490,"140,946,784",105,"5,848,267,268","5,848,267,268","76,615,600","-99,999",3,3,0,0,0,0,0,7,proceed,cancel,2023-12-16 02:23:13.000,2023-12-23 07:40:10.000,3,3,1,0,2,2023-12-16 01:13:42,2023,12
6,24,INC47963176,"140,946,784",105,"5,848,267,268","5,848,267,268","80,859,673","-99,999",3,3,0,0,0,0,0,9,proceed,cancel,2023-12-15 08:53:14.000,2023-12-16 07:20:56.000,3,3,1,0,2,2023-12-15 07:42:31,2023,12
6,31,INC47967242,"166,126,616",122,"5,703,039,728","5,703,038,618","52,728,391","571,280,206",10,3,0,0,2,0,0,7,proceed,cancel,2023-12-15 19:27:02.000,2023-12-23 07:42:25.000,3,3,1,0,2,2023-12-15 16:58:59,2023,12
6,24,INC47964820,"266,226,194",121,"6,838,119,269","6,838,119,269","103,974,889","569,311,341",6,3,0,1,0,1,0,9,proceed,cancel,2023-12-15 13:42:12.000,2023-12-19 09:02:02.000,3,3,1,0,2,2023-12-15 13:36:10,2023,12
6,24,INC47963179,"140,946,784",105,"5,848,267,268","5,848,267,268","80,859,673","-99,999",3,3,0,0,0,0,0,7,proceed,cancel,2023-12-15 08:53:14.000,2023-12-16 07:20:55.000,3,3,1,0,2,2023-12-15 07:42:36,2023,12
6,31,INC47968202,"166,126,616",122,"5,936,352,761","6,059,124,548","79,181,792","215,117,249",10,3,0,0,1,1,0,9,proceed,cancel,2023-12-15 23:53:10.000,2023-12-23 07:42:26.000,3,3,1,0,2,2023-12-15 18:12:27,2023,12
6,24,INC47963144,"140,946,784",105,"5,848,267,268","5,848,267,268","80,859,673","-99,999",3,3,0,0,0,0,0,18,proceed,cancel,2023-12-15 14:23:13.000,2023-12-23 07:39:58.000,3,3,1,0,2,2023-12-15 07:25:41,2023,12
6,24,INC47963145,"140,946,784",105,"5,848,267,268","5,848,267,268","80,859,673","-99,999",3,3,0,0,0,0,0,13,proceed,cancel,2023-12-15 14:23:13.000,2023-12-23 07:39:59.000,3,3,1,0,2,2023-12-15 07:25:42,2023,12
6,31,INC47969410,"166,126,616",122,"6,867,236,537","6,016,140,447","52,728,392","215,097,312",10,3,0,0,1,1,0,8,proceed,cancel,2023-12-18 19:33:20.000,2023-12-26 08:58:06.000,3,3,1,0,2,2023-12-15 19:47:49,2023,12
6,24,INC47971091,"140,946,784",105,"5,848,267,268","6,345,982,539","61,667,736","-99,999",3,3,0,0,0,0,0,6,proceed,cancel,2023-12-16 08:29:09.000,2023-12-16 08:29:57.000,3,3,1,0,2,2023-12-15 23:24:43,2023,12
6,24,INC47965482,"140,946,784",105,"5,848,267,268","5,848,267,268","76,615,600","-99,999",3,3,0,0,0,0,0,7,proceed,cancel,2023-12-15 15:53:14.000,2023-12-23 07:40:03.000,3,3,1,0,2,2023-12-15 14:36:40,2023,12
6,24,INC47963177,"140,946,784",105,"5,848,267,268","5,848,267,268","80,859,673","-99,999",3,3,0,0,0,0,0,7,proceed,cancel,2023-12-15 08:53:14.000,2023-12-16 07:20:56.000,3,3,1,0,2,2023-12-15 07:42:33,2023,12
6,24,INC47970233,"140,946,784",105,"5,848,267,268","5,848,267,268","76,615,600","-99,999",3,3,0,0,0,0,0,7,proceed,cancel,2023-12-15 22:53:16.000,2023-12-23 07:40:06.000,3,3,1,0,2,2023-12-15 21:13:24,2023,12
6,31,INC47967463,"166,126,616",122,"2,438,429,805","6,770,881,793","52,728,392","572,556,054",6,3,0,0,1,0,0,5,proceed,cancel,2023-12-15 17:29:24.000,2023-12-23 07:42:25.000,3,3,1,0,2,2023-12-15 17:13:38,2023,12
6,24,INC47964828,"266,226,194",121,"6,313,447,475","6,817,328,029","103,830,082","569,276,714",6,3,0,1,1,1,0,16,proceed,cancel,2023-12-15 14:08:36.000,2023-12-19 09:02:02.000,3,3,1,0,2,2023-12-15 13:36:34,2023,12
6,24,INC47963266,"140,946,784",105,"5,848,267,268","5,848,267,268","80,859,673","-99,999",3,3,0,0,0,0,0,8,proceed,cancel,2023-12-15 11:23:14.000,2023-12-23 07:40:00.000,3,3,1,0,2,2023-12-15 08:04:40,2023,12
6,24,INC47971673,"266,226,194",121,"5,802,967,307","5,802,967,307","103,974,889","569,285,183",6,3,0,1,0,1,0,6,proceed,cancel,2023-12-16 03:02:04.000,2023-12-19 09:02:09.000,3,3,1,0,2,2023-12-16 02:41:13,2023,12
6,24,INC47971536,"166,126,616",51,"5,703,041,040","5,703,040,455","52,728,392","572,656,576",10,3,0,0,1,0,0,8,proceed,cancel,2023-12-26 20:03:23.000,2024-01-03 07:56:02.000,3,3,1,0,2,2023-12-16 01:27:50,2023,12
6,24,INC47964069,"266,226,194",121,"3,790,156,078","5,793,903,899","103,974,889","569,295,949",10,3,0,1,0,0,0,4,proceed,cancel,2023-12-15 12:32:56.000,2023-12-19 09:01:59.000,3,3,1,0,2,2023-12-15 10:57:28,2023,12
6,31,INC47966667,"266,226,194",122,"3,790,156,078","6,817,329,706","103,830,082","569,423,677",4,3,0,0,1,1,0,7,proceed,cancel,2023-12-15 16:20:26.000,2023-12-19 09:02:03.000,3,3,1,0,2,2023-12-15 16:16:48,2023,12
6,31,INC47971451,"166,126,616",16,"6,842,456,985","6,842,456,985","52,729,432","571,456,467",6,3,0,1,0,0,0,3,proceed,cancel,2023-12-16 01:04:25.000,2023-12-23 07:42:27.000,3,3,1,0,2,2023-12-16 00:58:11,2023,12
6,24,INC47968380,"266,226,194",121,"6,264,845,105","6,264,845,105","103,974,889","569,308,432",6,3,0,1,0,1,0,19,proceed,cancel,2023-12-20 16:52:30.000,2023-12-22 08:02:02.000,3,3,1,0,2,2023-12-15 18:22:34,2023,12
6,24,INC47970885,"166,126,616",51,"6,651,199,328","5,703,041,143","87,971,197","215,063,806",10,3,0,0,1,1,0,9,proceed,cancel,2024-01-25 17:42:18.000,2024-02-02 07:51:32.000,3,3,1,0,2,2023-12-15 22:44:27,2023,12
6,24,INC47897005,"140,946,784",105,"5,848,267,268","6,293,179,578","76,615,600","-99,999",3,3,0,0,0,0,0,38,proceed,cancel,2023-12-13 07:42:43.000,2023-12-13 07:43:06.000,3,3,1,1,2,2023-12-07 04:54:35,2023,12
6,24,INC47887822,"140,946,784",105,"5,848,267,268","5,848,267,268","80,859,673","-99,999",3,3,0,0,0,0,0,11,proceed,cancel,2023-12-06 13:23:13.000,2023-12-14 07:47:30.000,3,3,1,0,2,2023-12-06 11:49:02,2023,12
6,24,INC47968259,"166,126,616",121,"5,796,265,319","5,703,040,921","52,728,392","414,126,732",10,3,0,0,1,0,0,12,proceed,cancel,2023-12-20 21:13:59.000,2023-12-28 08:07:01.000,3,3,1,0,2,2023-12-15 18:16:51,2023,12
6,24,INC47964068,"266,226,194",121,"3,790,156,078","5,793,903,899","103,974,889","569,295,949",10,3,0,1,0,0,0,6,proceed,cancel,2023-12-16 03:14:29.000,2023-12-19 09:01:59.000,3,3,1,0,2,2023-12-15 10:57:26,2023,12
6,31,INC47970238,"166,126,616",16,"5,788,661,775","6,016,140,447","52,728,391","571,419,514",10,3,0,0,1,1,0,4,proceed,cancel,2023-12-16 20:56:35.000,2023-12-24 08:46:33.000,3,3,1,0,2,2023-12-15 21:14:01,2023,12
6,24,INC47961720,"166,126,616",121,"6,343,571,534","6,016,140,447","52,728,392","413,902,537",6,3,0,0,1,1,0,5,proceed,cancel,2023-12-16 21:00:42.000,2023-12-24 08:46:33.000,3,3,1,0,2,2023-12-14 22:32:55,2023,12
6,31,INC47961088,"266,226,194",122,"3,790,156,078","6,867,816,743","103,830,082","-99,999",10,3,0,1,1,0,0,24,proceed,cancel,2023-12-14 21:28:05.000,2023-12-18 08:52:35.000,3,3,1,0,2,2023-12-14 21:12:58,2023,12
6,31,INC47959306,"166,126,616",122,"5,703,038,295","6,059,124,548","79,181,792","576,164,409",10,3,0,0,1,1,0,7,proceed,cancel,2023-12-14 19:32:04.000,2023-12-22 07:52:49.000,3,3,1,0,2,2023-12-14 18:55:59,2023,12
6,31,INC47962227,"266,226,194",122,"3,790,156,078","6,817,329,706","103,830,082","569,477,533",4,3,0,0,1,1,0,7,proceed,cancel,2023-12-15 00:24:46.000,2023-12-18 08:52:37.000,3,3,1,0,2,2023-12-15 00:21:39,2023,12
6,24,INC47956506,"140,946,784",105,"5,848,267,268","5,848,267,268","80,859,673","-99,999",3,3,0,0,0,0,0,17,proceed,cancel,2023-12-14 17:53:14.000,2023-12-22 07:48:07.000,3,3,1,0,2,2023-12-14 15:33:26,2023,12
6,31,INC47955022,"166,126,616",122,"5,703,037,590","5,703,041,013","52,728,393","575,972,787",10,3,0,0,1,1,0,6,proceed,cancel,2023-12-15 23:54:42.000,2023-12-23 07:42:20.000,3,3,1,0,2,2023-12-14 13:33:27,2023,12
6,24,INC47954924,"266,226,194",121,"6,838,119,269","6,838,119,269","103,974,889","569,280,921",6,3,0,1,0,1,0,6,proceed,cancel,2023-12-14 13:24:14.000,2023-12-18 08:52:24.000,3,3,1,0,2,2023-12-14 13:19:15,2023,12
6,24,INC47954911,"140,946,784",105,"5,848,267,268","6,293,179,578","76,615,600","-99,999",3,5,0,0,0,0,0,9,proceed,cancel,2023-12-15 06:42:23.000,2023-12-15 06:42:55.000,3,3,1,0,2,2023-12-14 13:18:20,2023,12
6,24,INC47961152,"166,126,616",121,"3,141,987,178","6,197,463,044","52,728,393","214,602,738",6,5,0,0,1,1,0,5,proceed,cancel,2023-12-17 22:12:09.000,2023-12-25 08:41:07.000,2,3,1,0,2,2023-12-14 21:19:16,2023,12
6,31,INC47961346,"266,226,194",122,"3,790,156,078","6,817,329,420","103,830,082","569,393,051",10,3,0,0,1,1,0,8,proceed,cancel,2023-12-14 23:51:05.000,2023-12-14 23:51:16.000,3,3,1,0,2,2023-12-14 21:42:22,2023,12
6,31,INC47954802,"140,946,784",122,"6,116,482,150","6,230,797,880","61,667,736","-99,999",10,3,0,0,2,0,0,16,proceed,cancel,2023-12-18 21:38:09.000,2023-12-18 21:38:37.000,3,3,1,0,2,2023-12-14 13:04:32,2023,12
6,24,INC47962741,"166,126,616",121,"6,842,456,985","5,802,727,114","52,728,393","215,070,509",6,3,0,0,1,0,0,6,proceed,cancel,2023-12-15 16:48:50.000,2023-12-23 07:42:24.000,3,3,1,0,2,2023-12-15 04:00:04,2023,12
6,31,INC47958831,"166,126,616",122,"5,703,040,659","6,016,140,447","52,728,391","414,111,943",10,3,0,0,1,1,0,6,proceed,cancel,2023-12-21 21:38:19.000,2023-12-29 07:25:33.000,3,3,1,0,2,2023-12-14 18:22:42,2023,12
6,31,INC47967680,"166,126,616",16,"2,438,429,805","5,802,727,114","52,728,393","572,633,261",6,3,0,0,1,0,0,6,proceed,cancel,2023-12-18 02:41:04.000,2023-12-25 08:41:07.000,3,3,1,0,2,2023-12-15 17:29:46,2023,12
6,24,INC47962669,"140,946,784",105,"5,848,267,268","5,848,267,268","76,615,600","-99,999",3,3,0,0,0,0,0,7,proceed,cancel,2023-12-15 04:53:13.000,2023-12-22 07:48:12.000,3,3,1,0,2,2023-12-15 03:15:21,2023,12
6,31,INC47957683,"166,126,616",122,"2,438,429,805","6,770,881,793","52,728,392","561,183,411",6,3,0,0,1,1,0,5,proceed,cancel,2023-12-14 17:33:46.000,2023-12-22 07:52:48.000,3,3,1,0,2,2023-12-14 16:49:55,2023,12
6,24,INC47962307,"266,226,194",121,"5,802,967,307","5,802,967,307","103,974,889","569,296,391",6,3,0,1,0,1,0,5,proceed,cancel,2023-12-15 00:49:27.000,2023-12-18 08:52:37.000,3,3,1,0,2,2023-12-15 00:46:06,2023,12
6,24,INC47962667,"140,946,784",105,"5,848,267,268","5,848,267,268","80,859,673","-99,999",3,5,0,0,0,0,0,9,proceed,cancel,2023-12-15 04:23:14.000,2023-12-16 07:23:33.000,3,3,1,0,2,2023-12-15 03:15:01,2023,12
6,31,INC47958151,"166,126,616",122,"5,936,352,761","6,059,124,548","79,181,792","576,164,409",10,3,0,0,1,1,0,7,proceed,cancel,2023-12-14 19:12:39.000,2023-12-22 07:52:48.000,3,3,1,0,2,2023-12-14 17:25:41,2023,12
6,31,INC47955432,"266,226,194",52,"6,867,816,819","6,867,816,819","103,830,082","569,369,906",7,3,0,1,1,1,0,10,proceed,cancel,2023-12-14 15:13:19.000,2023-12-18 08:52:25.000,3,3,1,0,2,2023-12-14 14:11:56,2023,12
6,31,INC47958331,"166,126,616",122,"5,703,041,285","5,703,040,921","52,728,392","572,672,075",10,3,0,0,1,0,0,5,proceed,cancel,2023-12-15 14:48:46.000,2023-12-23 07:42:21.000,3,3,1,0,2,2023-12-14 17:41:47,2023,12
6,24,INC47959481,"266,226,194",121,"3,790,156,078","6,817,329,420","103,830,082","569,465,970",4,3,0,0,1,1,0,18,proceed,cancel,2024-01-10 17:32:00.000,2024-01-10 17:32:07.000,3,3,1,0,2,2023-12-14 19:07:22,2023,12
6,24,INC47962672,"140,946,784",105,"5,848,267,268","6,345,982,539","80,859,673","-99,999",3,3,0,0,0,0,0,14,proceed,cancel,2023-12-16 07:22:35.000,2023-12-16 07:23:14.000,3,3,1,0,2,2023-12-15 03:16:10,2023,12
6,24,INC47955729,"266,226,194",51,"6,313,447,475","6,817,329,706","103,830,082","569,465,970",6,3,0,0,1,1,0,12,proceed,cancel,2023-12-14 18:11:32.000,2023-12-18 08:52:25.000,3,3,1,0,2,2023-12-14 14:37:21,2023,12
6,24,INC47956703,"140,946,784",105,"5,848,267,268","5,848,267,268","80,859,673","-99,999",3,5,0,0,0,0,0,11,proceed,cancel,2023-12-14 16:53:14.000,2023-12-22 07:48:08.000,3,3,1,0,2,2023-12-14 15:45:19,2023,12
6,31,INC47956978,"266,226,194",122,"3,790,156,078","6,838,119,269","103,974,889","569,393,051",10,3,0,1,0,1,0,17,proceed,cancel,2023-12-18 14:30:29.000,2023-12-22 08:01:38.000,3,3,1,0,2,2023-12-14 16:05:53,2023,12
6,24,INC47958535,"140,946,784",105,"5,848,267,268","5,848,267,268","80,859,673","-99,999",3,3,0,0,0,0,0,7,proceed,cancel,2023-12-14 19:23:16.000,2023-12-22 07:48:09.000,3,3,1,0,2,2023-12-14 17:57:31,2023,12
6,24,INC47956578,"166,126,616",121,"6,775,077,883","6,816,701,351","52,729,432","572,556,054",10,3,0,1,0,0,0,15,proceed,cancel,2023-12-15 18:12:53.000,2023-12-23 07:42:21.000,3,3,1,0,2,2023-12-14 15:37:18,2023,12
6,24,INC47960816,"266,226,194",121,"6,817,328,779","6,817,328,029","103,830,082","569,262,287",7,2,0,1,1,1,0,9,proceed,cancel,2023-12-15 15:43:17.000,2023-12-19 09:01:58.000,3,1,1,0,3,2023-12-14 20:43:30,2023,12
6,24,INC47958079,"166,126,616",121,"541,413","6,770,881,793","52,728,392","413,902,537",6,3,0,0,1,1,0,6,proceed,cancel,2023-12-14 17:40:23.000,2023-12-22 07:52:48.000,3,3,1,0,2,2023-12-14 17:19:01,2023,12
6,31,INC47956836,"266,226,194",122,"3,790,156,078","6,313,447,475","103,974,889","569,339,437",10,3,0,1,0,1,0,10,proceed,cancel,2023-12-15 16:24:54.000,2023-12-19 09:01:58.000,3,3,1,0,2,2023-12-14 15:54:49,2023,12
6,24,INC47856439,"140,946,784",105,"5,848,267,268","5,848,267,268","61,667,736","-99,999",3,3,0,0,0,0,0,7,proceed,cancel,2023-12-01 23:53:14.000,2023-12-03 14:50:05.000,3,3,1,0,2,2023-12-01 22:44:15,2023,12
6,24,INC47848365,"166,126,616",121,"5,999,507,643","5,703,040,455","52,728,392","215,157,251",10,3,0,0,1,1,0,6,proceed,cancel,2023-12-01 20:14:53.000,2023-12-09 07:47:39.000,3,3,1,0,2,2023-12-01 04:23:51,2023,12
6,24,INC47848311,"140,946,784",105,"5,848,267,268","5,848,267,268","80,859,673","-99,999",3,3,0,0,0,0,0,17,proceed,cancel,2023-12-01 06:23:14.000,2023-12-15 07:46:50.000,3,3,1,0,2,2023-12-01 03:51:10,2023,12
6,24,INC47848105,"166,126,616",121,"5,703,040,971","5,703,040,921","52,728,392","561,183,411",10,3,0,0,1,1,0,6,proceed,cancel,2023-12-01 13:44:56.000,2023-12-09 07:47:39.000,3,3,1,0,2,2023-12-01 02:17:50,2023,12
6,24,INC47848310,"140,946,784",105,"5,848,267,268","5,848,267,268","80,859,673","-99,999",3,3,0,0,0,0,0,20,proceed,cancel,2023-12-01 06:23:14.000,2023-12-09 07:42:38.000,3,3,1,0,2,2023-12-01 03:51:09,2023,12
6,31,INC47848539,"140,946,784",16,"6,293,179,578","6,345,982,539","76,615,600","-99,999",10,3,0,0,3,0,0,11,proceed,cancel,2023-12-05 11:59:52.000,2023-12-05 12:00:09.000,3,3,1,0,2,2023-12-01 06:10:20,2023,12
6,24,INC48059043,"140,946,784",105,"5,848,267,268","5,848,267,268","76,615,600","-99,999",3,3,0,0,0,0,0,9,proceed,cancel,2023-12-31 23:23:14.000,2024-01-08 08:03:06.000,3,3,1,0,2,2023-12-31 22:06:57,2023,12
6,24,INC48058986,"140,946,784",105,"5,848,267,268","5,848,267,268","80,859,673","-99,999",3,5,0,0,0,0,0,13,proceed,cancel,2024-01-02 02:23:13.000,2024-01-04 12:37:27.000,3,3,1,0,2,2023-12-31 21:21:50,2023,12
6,24,INC48058728,"166,126,616",121,"5,759,423,830","5,759,423,830","52,729,432","592,882,629",6,5,0,1,0,1,0,3,proceed,cancel,2023-12-31 19:31:56.000,2024-01-08 09:09:14.000,2,3,1,0,2,2023-12-31 19:19:44,2023,12
6,24,INC48058984,"140,946,784",105,"5,848,267,268","5,848,267,268","76,615,600","-99,999",3,5,0,0,0,0,0,14,proceed,cancel,2024-01-01 22:23:13.000,2024-01-09 08:05:01.000,3,3,1,0,2,2023-12-31 21:21:47,2023,12
6,24,INC48059174,"140,946,784",105,"5,848,267,268","6,345,982,539","76,615,600","-99,999",3,3,0,0,0,0,0,14,proceed,cancel,2024-01-01 14:33:25.000,2024-01-01 14:33:51.000,3,3,1,0,2,2023-12-31 23:39:22,2023,12
6,24,INC48058971,"140,946,784",105,"5,848,267,268","5,848,267,268","76,615,600","-99,999",3,3,0,0,0,0,0,18,proceed,cancel,2024-01-03 22:23:13.000,2024-01-17 07:59:15.000,3,3,1,0,2,2023-12-31 21:14:47,2023,12
6,24,INC48058231,"266,226,194",51,"6,224,887,111","6,867,816,743","103,830,082","569,339,535",6,3,0,1,1,1,0,24,proceed,cancel,2024-01-02 20:16:05.000,2024-01-06 07:47:29.000,3,3,1,0,2,2023-12-31 15:34:22,2023,12
6,24,INC48058918,"166,126,616",121,"3,503,348,459","3,503,348,459","52,729,432","571,456,192",6,3,0,1,0,1,0,4,proceed,cancel,2024-01-02 18:48:05.000,2024-01-10 09:17:31.000,3,3,1,0,2,2023-12-31 20:47:07,2023,12
6,24,INC48058717,"140,946,784",105,"5,848,267,268","5,848,267,268","76,615,600","-99,999",3,3,0,0,0,0,0,5,proceed,cancel,2023-12-31 20:23:13.000,2024-01-08 08:03:05.000,3,3,1,0,2,2023-12-31 19:14:16,2023,12
6,24,INC48057938,"140,946,784",105,"5,848,267,268","5,848,267,268","80,859,673","-99,999",3,3,0,0,0,0,0,8,proceed,cancel,2023-12-31 13:23:13.000,2024-01-08 08:03:01.000,3,3,1,0,2,2023-12-31 12:12:05,2023,12
6,24,INC47971423,"166,126,616",121,"6,343,571,534","5,703,041,143","87,971,197","215,063,806",6,3,0,0,1,1,0,5,proceed,cancel,2024-01-25 17:42:56.000,2024-02-02 07:51:32.000,3,3,1,0,2,2023-12-16 00:48:35,2023,12
6,24,INC47954168,"140,946,784",105,"5,848,267,268","5,848,267,268","80,859,673","-99,999",3,3,0,0,0,0,0,9,proceed,cancel,2023-12-14 10:23:15.000,2023-12-22 07:48:01.000,3,3,1,0,2,2023-12-14 09:02:07,2023,12
6,31,INC47957512,"166,126,616",16,"6,282,668,315","6,016,140,447","52,728,391","572,602,376",10,3,0,0,3,1,0,15,proceed,cancel,2024-01-03 22:26:23.000,2024-01-11 08:31:39.000,3,3,1,0,2,2023-12-14 16:38:39,2023,12
6,24,INC47958609,"266,226,194",121,"6,264,845,105","6,264,845,105","103,974,889","569,280,921",6,3,0,1,0,1,0,6,proceed,cancel,2023-12-14 18:08:24.000,2023-12-18 08:52:29.000,3,3,1,0,2,2023-12-14 18:04:27,2023,12
6,24,INC47955381,"266,226,194",51,"6,264,845,105","6,264,845,105","103,974,889","569,477,533",6,3,0,1,0,1,0,4,proceed,cancel,2023-12-14 14:09:36.000,2023-12-18 08:52:24.000,3,3,1,0,2,2023-12-14 14:08:00,2023,12
6,24,INC47962443,"266,226,194",121,"6,352,927,241","6,817,329,706","103,830,082","569,480,995",6,3,0,0,1,1,0,12,proceed,cancel,2023-12-18 16:13:02.000,2023-12-22 08:01:40.000,3,3,1,0,2,2023-12-15 01:27:34,2023,12
6,24,INC47954381,"266,226,194",121,"6,200,018,870","6,867,816,819","103,830,082","569,276,714",6,3,0,1,1,1,0,24,proceed,cancel,2023-12-14 19:53:31.000,2023-12-18 08:52:22.000,3,3,1,0,2,2023-12-14 11:18:57,2023,12
6,24,INC47962756,"166,126,616",121,"6,734,933,354","5,802,727,114","52,728,393","214,602,738",10,4,0,0,1,1,0,7,proceed,cancel,2023-12-15 16:39:42.000,2023-12-23 07:42:24.000,3,3,1,0,2,2023-12-15 04:09:24,2023,12
6,31,INC47960493,"166,126,616",52,"5,703,040,230","5,802,727,114","52,728,393","215,117,249",10,3,0,0,1,1,0,11,proceed,cancel,2023-12-15 17:00:57.000,2023-12-23 07:42:22.000,3,3,1,0,2,2023-12-14 20:11:31,2023,12
6,24,INC47962670,"140,946,784",105,"5,848,267,268","5,848,267,268","76,615,600","-99,999",3,5,0,0,0,0,0,9,proceed,cancel,2023-12-15 04:53:13.000,2023-12-15 06:23:16.000,3,3,1,0,2,2023-12-15 03:15:59,2023,12
6,24,INC48058706,"140,946,784",105,"5,848,267,268","5,848,267,268","76,615,600","-99,999",3,5,0,0,0,0,0,7,proceed,cancel,2023-12-31 21:23:13.000,2024-01-08 08:03:04.000,3,3,1,0,2,2023-12-31 19:08:35,2023,12
6,24,INC48058485,"266,226,194",51,"6,224,887,111","6,817,329,706","103,830,082","569,339,535",6,3,0,0,1,1,0,12,proceed,cancel,2024-01-02 19:46:05.000,2024-01-06 07:47:30.000,3,3,1,0,2,2023-12-31 17:28:00,2023,12
6,24,INC48059029,"140,946,784",105,"5,848,267,268","5,848,267,268","76,615,600","-99,999",3,5,0,0,0,0,0,9,proceed,cancel,2024-01-01 21:23:13.000,2024-01-09 08:05:02.000,3,3,1,0,2,2023-12-31 21:52:37,2023,12
6,24,INC48058985,"140,946,784",105,"5,848,267,268","5,848,267,268","76,615,600","-99,999",3,5,0,0,0,0,0,9,proceed,cancel,2024-01-01 22:23:13.000,2024-01-09 08:05:01.000,3,3,1,0,2,2023-12-31 21:21:48,2023,12
6,24,INC48059158,"166,126,616",51,"5,773,989,365","5,703,040,921","52,728,392","592,805,618",10,3,0,0,1,0,0,5,proceed,cancel,2024-01-02 17:05:58.000,2024-01-10 09:17:32.000,3,3,1,0,2,2023-12-31 23:22:48,2023,12
6,31,INC48058789,"166,126,616",16,"5,759,423,830","5,759,423,830","52,729,432","571,456,467",6,3,0,1,0,0,0,3,proceed,cancel,2023-12-31 19:49:58.000,2024-01-08 09:09:14.000,3,3,1,0,2,2023-12-31 19:46:14,2023,12
6,24,INC48058891,"166,126,616",121,"3,503,348,459","3,503,348,459","52,729,432","215,097,312",6,3,0,1,0,1,0,5,proceed,cancel,2024-01-02 18:46:56.000,2024-01-10 09:17:31.000,3,3,1,0,2,2023-12-31 20:31:32,2023,12
6,24,INC48057954,"140,946,784",105,"5,848,267,268","5,848,267,268","76,615,600","-99,999",3,3,0,0,0,0,0,7,proceed,cancel,2023-12-31 13:53:14.000,2024-01-08 08:03:03.000,3,3,1,0,2,2023-12-31 12:21:55,2023,12
6,24,INC48058194,"266,226,194",121,"6,224,887,111","6,838,119,269","103,974,889","569,273,157",6,3,0,1,0,0,0,12,proceed,cancel,2024-01-02 18:59:39.000,2024-01-06 07:47:29.000,3,3,1,0,2,2023-12-31 15:11:03,2023,12
6,31,INC48058398,"166,126,616",122,"5,703,040,940","5,703,040,921","52,728,392","572,718,158",10,3,0,0,1,0,0,7,proceed,cancel,2023-12-31 19:14:44.000,2024-01-08 09:09:13.000,3,3,1,0,2,2023-12-31 16:52:21,2023,12
6,24,INC47848004,"166,126,616",121,"6,322,476,810","6,770,881,793","52,728,392","592,774,906",10,3,0,0,1,0,0,6,proceed,cancel,2023-12-06 20:04:38.000,2023-12-14 08:26:00.000,3,3,1,0,2,2023-12-01 01:39:56,2023,12
6,24,INC47848286,"166,126,616",121,"5,703,040,678","5,703,040,921","52,728,392","561,183,411",10,3,0,0,1,1,0,6,proceed,cancel,2023-12-01 13:47:07.000,2023-12-09 07:47:39.000,3,3,1,0,2,2023-12-01 03:38:54,2023,12
6,24,INC47848111,"140,946,784",105,"5,848,267,268","5,848,267,268","76,615,600","-99,999",3,3,0,0,0,0,0,8,proceed,cancel,2023-12-01 03:53:13.000,2023-12-15 07:46:48.000,3,3,1,0,2,2023-12-01 02:20:29,2023,12
6,31,INC47961027,"266,226,194",122,"3,790,156,078","6,867,816,743","103,830,082","569,393,051",10,3,0,1,1,1,0,16,proceed,cancel,2023-12-14 21:28:31.000,2023-12-18 08:52:34.000,3,3,1,0,2,2023-12-14 21:06:00,2023,12
6,31,INC47957523,"266,226,194",122,"3,790,156,078","6,817,328,779","103,830,082","569,299,974",10,3,0,0,1,1,0,12,proceed,cancel,2023-12-14 17:19:00.000,2023-12-18 08:52:27.000,3,3,1,0,2,2023-12-14 16:39:09,2023,12
6,24,INC47962671,"140,946,784",105,"5,848,267,268","6,293,179,578","76,615,600","-99,999",3,3,0,0,0,0,0,16,proceed,cancel,2023-12-15 06:22:47.000,2023-12-15 06:23:08.000,3,3,1,0,2,2023-12-15 03:16:01,2023,12
6,24,INC47961702,"266,226,194",121,"6,799,802,581","6,817,329,420","103,830,082","569,255,282",6,3,0,0,3,0,0,31,proceed,cancel,2023-12-15 23:32:09.000,2023-12-15 23:32:17.000,3,3,1,0,2,2023-12-14 22:30:46,2023,12
6,24,INC47955778,"140,946,784",105,"5,848,267,268","5,848,267,268","80,859,673","-99,999",3,3,0,0,0,0,0,12,proceed,cancel,2023-12-14 18:53:14.000,2023-12-22 07:48:05.000,3,3,1,0,2,2023-12-14 14:41:30,2023,12
6,24,INC47962400,"140,946,784",105,"5,848,267,268","5,848,267,268","76,615,600","-99,999",3,3,0,0,0,0,0,8,proceed,cancel,2023-12-15 02:23:14.000,2023-12-22 07:48:11.000,3,3,1,0,2,2023-12-15 01:15:10,2023,12
6,24,INC47957908,"266,226,194",121,"3,790,156,078","6,817,329,706","103,830,082","569,362,801",10,3,0,0,1,1,0,15,proceed,cancel,2023-12-18 17:05:40.000,2023-12-22 08:01:38.000,3,3,1,0,2,2023-12-14 17:07:02,2023,12
6,24,INC47961061,"140,946,784",105,"5,848,267,268","5,848,267,268","61,667,736","-99,999",3,3,0,0,0,0,0,8,proceed,cancel,2023-12-15 06:23:13.000,2023-12-16 07:40:55.000,3,3,1,0,2,2023-12-14 21:09:13,2023,12
6,31,INC47958262,"166,126,616",122,"2,438,429,805","6,770,881,793","52,728,392","572,610,321",6,3,0,0,1,0,0,4,proceed,cancel,2023-12-14 17:56:11.000,2023-12-22 07:52:49.000,3,3,1,0,2,2023-12-14 17:35:31,2023,12
6,24,INC47961395,"140,946,784",105,"5,848,267,268","5,848,267,268","61,667,736","-99,999",3,3,0,0,0,0,0,8,proceed,cancel,2023-12-14 22:53:15.000,2023-12-23 07:39:53.000,3,3,1,0,2,2023-12-14 21:48:11,2023,12
6,24,INC47956535,"266,226,194",121,"3,790,156,078","6,247,695,725","103,974,889","569,288,150",10,3,0,1,0,1,0,8,proceed,cancel,2023-12-15 18:12:51.000,2023-12-19 09:01:57.000,3,3,1,0,2,2023-12-14 15:35:26,2023,12
6,24,INC47962772,"166,126,616",121,"3,238,366,924","5,802,727,114","52,728,393","214,602,738",6,3,0,0,1,1,0,6,proceed,cancel,2023-12-15 16:41:00.000,2023-12-23 07:42:24.000,3,3,1,0,2,2023-12-15 04:20:31,2023,12
6,24,INC47958555,"266,226,194",121,"3,790,156,078","6,867,816,743","103,830,082","569,435,129",10,3,0,1,1,1,0,57,proceed,cancel,2023-12-21 19:32:55.000,2023-12-25 08:46:59.000,3,3,1,0,2,2023-12-14 17:59:55,2023,12
6,24,INC47954184,"140,946,784",105,"5,848,267,268","5,848,267,268","76,615,600","-99,999",3,3,0,0,0,0,0,7,proceed,cancel,2023-12-14 10:53:14.000,2023-12-22 07:48:03.000,3,3,1,0,2,2023-12-14 09:13:38,2023,12
6,24,INC48058719,"266,226,194",121,"6,251,464,626","6,838,119,269","103,974,889","569,465,840",2,3,0,1,0,1,0,18,proceed,cancel,2024-01-08 16:47:47.000,2024-01-12 08:09:38.000,3,3,1,0,2,2023-12-31 19:14:49,2023,12
6,24,INC47961060,"140,946,784",105,"5,848,267,268","6,293,179,578","76,615,600","-99,999",3,3,0,0,0,0,0,6,proceed,cancel,2023-12-15 06:28:16.000,2023-12-15 06:28:28.000,3,3,1,0,2,2023-12-14 21:09:11,2023,12
6,24,INC47962832,"140,946,784",105,"5,848,267,268","5,848,267,268","61,667,736","-99,999",3,3,0,0,0,0,0,10,proceed,cancel,2023-12-15 06:23:14.000,2023-12-23 07:39:56.000,3,3,1,0,2,2023-12-15 05:01:30,2023,12
6,24,INC48059087,"166,126,616",51,"5,773,989,365","5,703,040,921","52,728,392","215,017,395",10,3,0,0,1,0,0,6,proceed,cancel,2024-01-09 19:29:55.000,2024-01-17 08:48:42.000,3,3,1,0,2,2023-12-31 22:32:49,2023,12
6,24,INC48055353,"266,226,194",121,"6,304,994,586","6,817,328,029","103,830,082","569,339,437",6,3,0,1,1,1,0,15,proceed,cancel,2024-01-03 14:37:23.000,2024-01-07 07:41:39.000,3,3,1,0,2,2023-12-30 11:47:22,2023,12
6,24,INC48058243,"166,126,616",121,"5,703,040,230","5,703,040,921","52,728,392","572,718,158",10,3,0,0,1,0,0,7,proceed,cancel,2023-12-31 19:15:48.000,2024-01-08 09:09:13.000,2,3,1,0,2,2023-12-31 15:39:49,2023,12
6,24,INC47847846,"140,946,784",105,"5,848,267,268","5,848,267,268","80,859,673","-99,999",3,3,0,0,0,0,0,18,proceed,cancel,2023-12-01 03:23:13.000,2023-12-15 07:46:46.000,3,3,1,0,2,2023-12-01 00:47:00,2023,12
6,24,INC47847865,"140,946,784",105,"5,848,267,268","5,848,267,268","76,615,600","-99,999",3,3,0,0,0,0,0,9,proceed,cancel,2023-12-01 02:23:13.000,2023-12-15 07:46:47.000,3,3,1,0,2,2023-12-01 00:52:18,2023,12
6,24,INC48029790,"140,946,784",105,"5,848,267,268","5,848,267,268","80,859,673","-99,999",3,3,0,0,0,0,0,111,proceed,cancel,2023-12-26 08:23:13.000,2023-12-26 16:17:54.000,3,3,1,0,2,2023-12-25 22:36:22,2023,12
6,24,INC48033606,"140,946,784",105,"5,848,267,268","5,848,267,268","61,667,736","-99,999",3,3,0,0,0,0,0,9,proceed,cancel,2023-12-27 01:23:13.000,2024-01-03 07:24:58.000,3,3,1,0,2,2023-12-26 20:21:36,2023,12
6,24,INC48033570,"140,946,784",105,"5,848,267,268","5,848,267,268","61,667,736","-99,999",3,5,0,0,0,0,0,9,proceed,cancel,2023-12-27 01:23:13.000,2024-01-03 07:24:49.000,3,3,1,0,2,2023-12-26 20:16:35,2023,12
6,24,INC48029608,"140,946,784",105,"5,848,267,268","5,848,267,268","76,615,600","-99,999",3,5,0,0,0,0,0,7,proceed,cancel,2023-12-25 21:23:14.000,2023-12-26 07:38:50.000,3,3,1,0,2,2023-12-25 20:11:18,2023,12
6,31,INC48033237,"266,226,194",16,"6,204,928,876","6,867,816,743","103,830,082","569,339,171",6,3,0,1,1,1,0,17,proceed,cancel,2024-01-10 13:36:02.000,2024-01-14 10:04:34.000,3,3,1,0,2,2023-12-26 19:12:30,2023,12
6,31,INC48032118,"140,946,784",16,"6,345,982,539","6,293,179,578","80,859,673","-99,999",10,3,0,0,1,0,0,12,proceed,cancel,2024-02-24 08:05:31.000,2024-02-24 08:06:21.000,3,3,1,0,2,2023-12-26 16:14:56,2023,12
6,24,INC48029600,"140,946,784",105,"5,848,267,268","5,848,267,268","76,615,600","-99,999",3,5,0,0,0,0,0,5,proceed,cancel,2023-12-25 21:23:13.000,2023-12-26 07:38:55.000,3,3,1,0,2,2023-12-25 20:10:35,2023,12
6,24,INC48028770,"140,946,784",105,"5,848,267,268","5,848,267,268","76,615,600","-99,999",3,3,0,0,0,0,0,7,proceed,cancel,2023-12-25 12:23:14.000,2023-12-26 16:24:06.000,3,3,1,0,2,2023-12-25 11:12:28,2023,12
6,24,INC48028481,"140,946,784",105,"5,848,267,268","5,848,267,268","61,667,736","-99,999",3,3,0,0,0,0,0,7,proceed,cancel,2023-12-25 08:23:13.000,2024-01-02 07:36:59.000,3,3,1,0,2,2023-12-25 07:17:19,2023,12
6,24,INC48030757,"140,946,784",105,"5,848,267,268","5,848,267,268","76,615,600","-99,999",3,3,0,0,0,0,0,12,proceed,cancel,2023-12-26 12:53:14.000,2023-12-26 16:24:00.000,3,3,1,0,2,2023-12-26 11:13:11,2023,12
6,24,INC48030525,"166,126,616",121,"5,981,059,438","5,703,040,455","52,728,392","571,423,726",10,3,0,0,1,1,0,18,proceed,cancel,2024-01-08 18:33:03.000,2024-01-16 09:06:49.000,3,3,1,0,2,2023-12-26 09:04:21,2023,12
6,31,INC48031469,"266,226,194",52,"6,867,816,819","6,867,816,819","103,830,082","569,369,906",7,3,0,1,1,1,0,10,proceed,cancel,2023-12-26 18:27:31.000,2023-12-30 07:38:40.000,3,3,1,0,2,2023-12-26 14:35:06,2023,12
6,24,INC48030162,"166,126,616",121,"6,193,088,209","5,703,041,143","87,971,197","215,137,248",10,3,0,0,2,0,0,13,proceed,cancel,2024-01-05 16:17:37.000,2024-01-13 08:00:01.000,3,3,1,0,2,2023-12-26 04:41:21,2023,12
6,24,INC48028488,"140,946,784",105,"5,848,267,268","5,848,267,268","61,667,736","-99,999",3,3,0,0,0,0,0,7,proceed,cancel,2023-12-25 08:23:14.000,2024-01-02 07:37:03.000,3,3,1,0,2,2023-12-25 07:17:59,2023,12
6,24,INC48031680,"140,946,784",105,"5,848,267,268","-99,999","76,615,600","-99,999",3,3,0,0,0,0,0,7,proceed,cancel,2023-12-26 16:29:34.000,2024-01-03 07:24:45.000,3,3,1,0,2,2023-12-26 15:08:23,2023,12
6,24,INC48033616,"140,946,784",105,"5,848,267,268","5,848,267,268","61,667,736","-99,999",3,3,0,0,0,0,0,9,proceed,cancel,2023-12-27 01:23:14.000,2024-01-03 07:25:07.000,3,3,1,0,2,2023-12-26 20:21:51,2023,12
6,24,INC48032979,"166,126,616",121,"6,278,127,828","5,703,040,455","52,728,392","572,486,611",10,3,0,0,1,0,0,15,proceed,cancel,2024-01-03 19:33:54.000,2024-01-11 08:31:41.000,3,3,1,0,2,2023-12-26 18:32:42,2023,12
6,24,INC48034998,"140,946,784",105,"5,848,267,268","5,848,267,268","80,859,673","-99,999",3,3,0,0,0,0,0,9,proceed,cancel,2023-12-27 14:53:14.000,2023-12-28 11:39:41.000,3,3,1,0,2,2023-12-27 06:04:03,2023,12
6,24,INC48028482,"140,946,784",105,"5,848,267,268","5,848,267,268","61,667,736","-99,999",3,3,0,0,0,0,0,7,proceed,cancel,2023-12-25 08:23:13.000,2024-01-02 07:37:00.000,3,3,1,0,2,2023-12-25 07:17:21,2023,12
6,24,INC48028739,"140,946,784",105,"5,848,267,268","5,848,267,268","76,615,600","-99,999",3,3,0,0,0,0,0,11,proceed,cancel,2023-12-25 13:23:13.000,2023-12-26 03:58:38.000,3,3,1,0,2,2023-12-25 10:46:08,2023,12
6,24,INC48030552,"140,946,784",105,"5,848,267,268","5,848,267,268","61,667,736","-99,999",3,5,0,0,0,0,0,9,proceed,cancel,2023-12-26 10:53:14.000,2024-01-03 07:24:15.000,3,3,1,0,2,2023-12-26 09:25:57,2023,12
6,24,INC48031681,"140,946,784",105,"5,848,267,268","-99,999","76,615,600","-99,999",3,3,0,0,0,0,0,7,proceed,cancel,2023-12-26 16:29:30.000,2024-01-03 07:24:46.000,3,3,1,0,2,2023-12-26 15:08:25,2023,12
6,24,INC48029706,"140,946,784",105,"5,848,267,268","5,848,267,268","76,615,600","-99,999",3,5,0,0,0,0,0,21,proceed,cancel,2023-12-26 22:23:13.000,2024-01-03 07:24:11.000,3,3,1,0,2,2023-12-25 21:20:01,2023,12
6,24,INC48034990,"140,946,784",105,"5,848,267,268","6,345,982,539","80,859,673","-99,999",3,3,0,0,0,0,0,19,proceed,cancel,2023-12-28 11:39:02.000,2023-12-28 11:39:23.000,3,3,1,0,2,2023-12-27 05:58:32,2023,12
6,31,INC48028886,"166,126,616",104,"6,853,836,737","6,853,836,737","52,729,432","-99,999",6,3,0,1,0,0,0,3,proceed,cancel,2023-12-25 13:09:21.000,2024-01-02 08:40:30.000,3,3,1,0,2,2023-12-25 13:03:07,2023,12
6,24,INC48030772,"266,226,194",121,"6,200,018,870","6,200,018,870","103,974,889","569,276,714",6,3,0,1,0,1,0,5,proceed,cancel,2023-12-26 11:40:58.000,2023-12-30 07:38:34.000,3,3,1,0,2,2023-12-26 11:30:13,2023,12
6,24,INC48029622,"140,946,784",105,"5,848,267,268","5,916,170,592","76,615,600","-99,999",3,5,0,0,0,0,0,5,proceed,cancel,2023-12-26 07:38:17.000,2023-12-26 07:38:52.000,3,3,1,0,2,2023-12-25 20:15:20,2023,12
6,24,INC48028523,"140,946,784",105,"5,848,267,268","5,848,267,268","80,859,673","-99,999",3,3,0,0,0,0,0,167,proceed,cancel,2023-12-25 22:23:13.000,2023-12-26 16:18:26.000,3,3,1,0,2,2023-12-25 08:01:42,2023,12
6,24,INC48030583,"140,946,784",105,"5,848,267,268","5,848,267,268","61,667,736","-99,999",3,3,0,0,0,0,0,9,proceed,cancel,2023-12-26 10:53:15.000,2024-01-03 07:24:42.000,3,3,1,0,2,2023-12-26 09:32:03,2023,12
6,24,INC47847950,"266,226,194",121,"6,799,802,581","6,799,802,581","103,974,889","569,393,051",6,3,0,1,0,1,0,9,proceed,cancel,2023-12-01 01:32:26.000,2023-12-04 09:16:41.000,3,3,1,0,2,2023-12-01 01:24:34,2023,12
6,24,INC47848114,"140,946,784",105,"5,848,267,268","5,848,267,268","80,859,673","-99,999",3,3,0,0,0,0,0,30,proceed,cancel,2023-12-01 08:23:13.000,2023-12-15 07:46:49.000,3,3,1,0,2,2023-12-01 02:23:10,2023,12
6,31,INC47847890,"166,126,616",16,"5,703,040,664","6,016,140,447","52,728,391","571,423,726",10,3,0,0,2,1,0,11,proceed,cancel,2024-01-18 14:58:33.000,2024-01-26 07:50:18.000,3,3,1,0,2,2023-12-01 01:04:26,2023,12
6,31,INC47958394,"166,126,616",16,"5,981,059,415","6,816,701,351","52,729,432","571,423,726",10,3,0,1,0,1,0,23,proceed,cancel,2023-12-21 13:22:50.000,2023-12-29 07:25:33.000,3,3,1,0,2,2023-12-14 17:45:50,2023,12
6,24,INC47962011,"140,946,784",105,"5,848,267,268","5,848,267,268","61,667,736","-99,999",3,3,0,0,0,0,0,8,proceed,cancel,2023-12-15 17:53:15.000,2023-12-23 07:39:55.000,3,3,1,0,2,2023-12-14 23:36:14,2023,12
6,24,INC47954276,"140,946,784",105,"5,848,267,268","5,848,267,268","80,859,673","-99,999",3,3,0,0,0,0,0,7,proceed,cancel,2023-12-14 12:23:14.000,2023-12-22 07:48:04.000,3,3,1,0,2,2023-12-14 10:09:28,2023,12
6,24,INC47961126,"140,946,784",105,"5,848,267,268","5,848,267,268","80,859,673","-99,999",3,5,0,0,0,0,0,7,proceed,cancel,2023-12-15 14:23:13.000,2023-12-23 07:39:52.000,3,3,1,0,2,2023-12-14 21:16:13,2023,12
6,31,INC47958864,"266,226,194",122,"3,790,156,078","6,817,329,706","103,830,082","569,370,289",4,3,0,0,1,1,0,8,proceed,cancel,2023-12-14 18:28:03.000,2023-12-18 08:52:30.000,3,3,1,0,2,2023-12-14 18:25:24,2023,12
6,31,INC47961904,"166,126,616",122,"6,159,724,274","5,703,040,921","52,728,392","572,718,157",10,3,0,0,1,1,0,7,proceed,cancel,2023-12-15 17:40:26.000,2023-12-23 07:42:23.000,3,3,1,0,2,2023-12-14 23:09:27,2023,12
6,24,INC47954750,"140,946,784",105,"5,848,267,268","5,848,267,268","61,667,736","-99,999",3,3,0,0,0,0,0,17,proceed,cancel,2023-12-23 01:53:13.000,2024-01-03 07:23:52.000,3,3,1,0,2,2023-12-14 12:56:59,2023,12
6,31,INC47960209,"266,226,194",122,"6,867,816,819","6,867,816,819","103,830,082","569,354,765",7,3,0,1,1,0,0,9,proceed,cancel,2023-12-14 20:15:27.000,2023-12-18 08:52:32.000,3,3,1,0,2,2023-12-14 19:50:58,2023,12
6,25,INC47848536,"266,226,194",63,"6,200,018,870","6,200,018,870","103,974,889","569,311,731",6,3,0,1,0,1,0,6,proceed,cancel,2023-12-01 06:11:36.000,2023-12-05 09:21:24.000,3,3,1,0,2,2023-12-01 06:08:10,2023,12
6,24,INC47863744,"140,946,784",105,"5,848,267,268","5,848,267,268","76,615,600","-99,999",3,3,0,0,0,0,0,7,proceed,cancel,2023-12-04 07:23:13.000,2023-12-12 08:13:24.000,3,3,1,0,2,2023-12-04 06:14:50,2023,12
6,24,INC48028677,"140,946,784",105,"5,848,267,268","6,293,179,578","76,615,600","-99,999",3,3,0,0,0,0,0,17,proceed,cancel,2023-12-26 03:57:56.000,2023-12-26 03:58:17.000,3,3,1,0,2,2023-12-25 09:44:08,2023,12
6,24,INC47962255,"166,126,616",51,"6,278,127,618","5,703,040,921","52,728,392","571,460,197",10,1,0,0,1,1,0,14,proceed,cancel,2024-01-17 18:26:24.000,2024-01-25 08:39:50.000,3,3,1,0,2,2023-12-15 00:30:49,2023,12
6,24,INC47955779,"140,946,784",105,"5,848,267,268","5,848,267,268","80,859,673","-99,999",3,3,0,0,0,0,0,12,proceed,cancel,2023-12-14 18:53:14.000,2023-12-22 07:48:06.000,3,3,1,0,2,2023-12-14 14:41:32,2023,12
6,24,INC47960423,"140,946,784",105,"5,848,267,268","5,848,267,268","80,859,673","-99,999",3,3,0,0,0,0,0,50,proceed,cancel,2023-12-15 08:53:13.000,2023-12-23 07:39:51.000,3,3,1,0,2,2023-12-14 20:05:26,2023,12
6,24,INC47954170,"140,946,784",105,"5,848,267,268","5,848,267,268","80,859,673","-99,999",3,3,0,0,0,0,0,9,proceed,cancel,2023-12-14 10:23:15.000,2023-12-22 07:48:02.000,3,3,1,0,2,2023-12-14 09:02:10,2023,12
6,24,INC47954910,"140,946,784",105,"5,848,267,268","6,293,179,578","76,615,600","-99,999",3,5,0,0,0,0,0,11,proceed,cancel,2023-12-15 06:42:23.000,2023-12-15 06:42:46.000,3,3,1,0,2,2023-12-14 13:18:18,2023,12
6,31,INC47954726,"140,946,784",122,"6,116,482,150","6,345,982,539","61,667,736","-99,999",10,3,0,0,2,0,0,27,proceed,cancel,2023-12-18 09:35:43.000,2023-12-18 09:35:58.000,3,3,1,0,2,2023-12-14 12:52:41,2023,12
6,31,INC47959419,"166,126,616",122,"5,703,041,353","5,703,040,921","52,728,392","215,097,312",10,3,0,0,1,1,0,7,proceed,cancel,2023-12-15 15:04:05.000,2023-12-23 07:42:22.000,3,3,1,0,2,2023-12-14 19:01:30,2023,12
6,24,INC47955837,"266,226,194",121,"6,838,119,269","6,838,119,269","103,974,889","569,280,921",6,3,0,1,0,1,0,6,proceed,cancel,2023-12-14 14:52:19.000,2023-12-18 08:52:26.000,3,3,1,0,2,2023-12-14 14:46:04,2023,12
6,24,INC47848531,"140,946,784",105,"5,848,267,268","5,848,267,268","76,615,600","-99,999",3,3,0,0,0,0,0,7,proceed,cancel,2023-12-01 07:53:13.000,2023-12-09 07:42:40.000,3,3,1,0,2,2023-12-01 06:05:01,2023,12
6,31,INC48058223,"166,126,616",16,"5,759,423,830","5,759,423,830","52,729,432","571,333,591",6,3,0,1,0,0,0,3,proceed,cancel,2023-12-31 15:28:52.000,2024-01-08 09:09:12.000,3,3,1,0,2,2023-12-31 15:27:19,2023,12
6,24,INC48056455,"140,946,784",105,"5,848,267,268","5,848,267,268","76,615,600","-99,999",3,3,0,0,0,0,0,8,proceed,cancel,2023-12-30 20:23:15.000,2024-01-07 07:34:47.000,3,3,1,0,2,2023-12-30 19:12:14,2023,12
6,24,INC48056820,"140,946,784",105,"5,848,267,268","5,848,267,268","76,615,600","-99,999",3,5,0,0,0,0,0,11,proceed,cancel,2023-12-31 22:23:14.000,2024-01-08 08:03:00.000,3,3,1,0,2,2023-12-30 21:21:32,2023,12
2,24,INC48057374,"166,126,616",103,"6,159,724,047","-99,999","-99,999","-99,999",10,3,0,0,1,0,0,4,proceed,cancel,,,3,3,1,0,2,2023-12-31 02:46:51,2023,12
6,25,INC48056370,"266,226,194",63,"6,204,928,876","6,204,928,876","103,974,889","569,357,766",6,3,0,1,0,1,0,5,proceed,cancel,2023-12-30 20:24:21.000,2024-01-03 08:05:16.000,3,3,1,0,2,2023-12-30 18:43:27,2023,12
6,24,INC48057940,"140,946,784",105,"5,848,267,268","5,848,267,268","80,859,673","-99,999",3,3,0,0,0,0,0,16,proceed,cancel,2023-12-31 13:23:14.000,2024-01-08 08:03:02.000,3,3,1,0,2,2023-12-31 12:14:24,2023,12
6,31,INC48055242,"140,946,784",16,"6,345,982,539","5,583,924,682","41,927,742","-99,999",10,3,0,0,2,0,0,11,proceed,cancel,2024-01-03 01:40:07.000,2024-01-10 07:54:34.000,3,3,1,0,2,2023-12-30 09:54:55,2023,12
6,31,INC48058381,"166,126,616",122,"5,767,477,120","5,703,040,921","52,728,392","572,718,158",10,3,0,0,1,0,0,7,proceed,cancel,2023-12-31 19:15:28.000,2024-01-08 09:09:13.000,3,3,1,0,2,2023-12-31 16:46:53,2023,12
6,24,INC48055332,"140,946,784",105,"5,848,267,268","5,848,267,268","80,859,673","-99,999",3,3,0,0,0,0,0,9,proceed,cancel,2023-12-31 17:53:13.000,2024-01-01 10:33:59.000,3,3,1,0,2,2023-12-30 11:31:26,2023,12
6,24,INC48056800,"140,946,784",105,"5,848,267,268","5,848,267,268","76,615,600","-99,999",3,3,0,0,0,0,0,11,proceed,cancel,2023-12-31 22:23:14.000,2024-01-08 08:02:59.000,3,3,1,0,2,2023-12-30 21:14:33,2023,12
6,24,INC48055049,"140,946,784",105,"5,848,267,268","5,848,267,268","76,615,600","-99,999",3,5,0,0,0,0,0,15,proceed,cancel,2024-01-02 01:23:14.000,2024-01-02 15:29:34.000,3,3,1,0,2,2023-12-30 07:26:25,2023,12
6,24,INC48055323,"140,946,784",105,"5,848,267,268","5,848,267,268","80,859,673","-99,999",3,5,0,0,0,0,0,12,proceed,cancel,2023-12-31 17:53:13.000,2024-01-01 10:34:02.000,3,3,1,0,2,2023-12-30 11:26:22,2023,12
6,31,INC48056204,"166,126,616",122,"5,527,129,652","5,703,040,921","52,728,392","571,303,354",6,5,0,0,1,0,0,7,proceed,cancel,2023-12-31 12:28:36.000,2024-01-08 09:09:12.000,3,3,1,0,2,2023-12-30 17:48:26,2023,12
6,25,INC48056425,"266,226,194",63,"6,204,928,876","6,204,928,876","103,974,889","569,357,766",6,3,0,1,0,1,0,5,proceed,cancel,2023-12-30 20:38:42.000,2024-01-03 08:05:19.000,3,3,1,0,2,2023-12-30 19:02:00,2023,12
6,24,INC48059168,"140,946,784",105,"5,848,267,268","5,848,267,268","76,615,600","-99,999",3,3,0,0,0,0,0,9,proceed,cancel,2024-01-01 00:53:13.000,2024-01-08 08:03:07.000,3,3,1,0,2,2023-12-31 23:35:07,2023,12
6,31,INC48055519,"266,226,194",122,"3,790,156,078","6,817,329,420","103,830,082","569,465,840",4,3,0,0,1,1,0,41,proceed,cancel,2024-01-03 18:20:13.000,2024-01-03 18:20:25.000,3,3,1,0,2,2023-12-30 13:39:47,2023,12
6,24,INC48057247,"140,946,784",105,"5,848,267,268","5,848,267,268","80,859,673","-99,999",3,3,0,0,0,0,0,8,proceed,cancel,2023-12-31 22:23:15.000,2024-01-08 08:03:00.000,3,3,1,0,2,2023-12-31 01:20:24,2023,12
6,24,INC48028997,"266,226,194",121,"6,264,845,105","6,264,845,105","103,974,889","569,316,741",6,3,0,1,4,1,0,39,proceed,cancel,2023-12-26 16:32:52.000,2023-12-30 07:38:32.000,3,3,1,0,2,2023-12-25 14:21:14,2023,12
6,24,INC48029616,"140,946,784",105,"5,848,267,268","5,848,267,268","76,615,600","-99,999",3,5,0,0,0,0,0,6,proceed,cancel,2023-12-25 21:23:14.000,2023-12-26 07:39:00.000,3,3,1,0,2,2023-12-25 20:11:31,2023,12
6,24,INC48033856,"140,946,784",105,"5,848,267,268","5,848,267,268","76,615,600","-99,999",3,3,0,0,0,0,0,13,proceed,cancel,2023-12-29 22:23:16.000,2024-01-06 07:38:46.000,3,3,1,0,2,2023-12-26 21:12:55,2023,12
6,24,INC48028701,"140,946,784",105,"5,848,267,268","5,848,267,268","80,859,673","-99,999",3,3,0,0,0,0,0,19,proceed,cancel,2023-12-25 15:53:13.000,2023-12-26 16:17:47.000,3,3,1,0,2,2023-12-25 10:05:49,2023,12
6,24,INC48028970,"266,226,194",121,"6,264,845,105","6,264,845,105","103,974,889","569,254,229",6,3,0,1,0,1,0,6,proceed,cancel,2023-12-25 14:04:11.000,2023-12-29 07:33:53.000,3,3,1,0,2,2023-12-25 13:57:29,2023,12
6,24,INC48028474,"140,946,784",105,"5,848,267,268","5,848,267,268","61,667,736","-99,999",3,3,0,0,0,0,0,8,proceed,cancel,2023-12-25 09:23:13.000,2024-01-03 07:24:07.000,3,3,1,0,2,2023-12-25 07:13:58,2023,12
6,24,INC48029609,"140,946,784",105,"5,848,267,268","5,848,267,268","76,615,600","-99,999",3,5,0,0,0,0,0,5,proceed,cancel,2023-12-25 21:23:14.000,2023-12-26 07:38:58.000,3,3,1,0,2,2023-12-25 20:11:20,2023,12
6,24,INC48029168,"140,946,784",105,"5,848,267,268","5,848,267,268","80,859,673","-99,999",3,3,0,0,0,0,0,7,proceed,cancel,2023-12-25 20:23:14.000,2023-12-26 16:18:15.000,3,3,1,0,2,2023-12-25 16:13:49,2023,12
6,24,INC48029599,"140,946,784",105,"5,848,267,268","5,916,170,592","76,615,600","-99,999",3,5,0,0,0,0,0,10,proceed,cancel,2023-12-26 07:38:16.000,2023-12-26 07:38:37.000,3,3,1,0,2,2023-12-25 20:10:33,2023,12
6,24,INC48028930,"140,946,784",105,"5,848,267,268","-99,999","61,667,736","-99,999",3,3,0,0,0,0,0,26,proceed,cancel,2023-12-26 05:29:53.000,2024-01-18 08:14:29.000,3,3,1,0,2,2023-12-25 13:39:18,2023,12
6,31,INC48029351,"166,126,616",122,"5,788,661,775","6,016,140,447","52,728,392","333,108,108",10,3,0,0,1,1,0,6,proceed,cancel,2023-12-27 14:06:58.000,2024-01-04 07:46:33.000,3,3,1,0,2,2023-12-25 17:33:50,2023,12
6,24,INC48028487,"140,946,784",105,"5,848,267,268","5,848,267,268","61,667,736","-99,999",3,3,0,0,0,0,0,8,proceed,cancel,2023-12-25 09:23:13.000,2024-01-03 07:24:10.000,3,3,1,0,2,2023-12-25 07:17:57,2023,12
6,24,INC48029707,"140,946,784",105,"5,848,267,268","5,848,267,268","76,615,600","-99,999",3,5,0,0,0,0,0,12,proceed,cancel,2023-12-26 22:23:13.000,2024-01-03 07:24:12.000,3,3,1,0,2,2023-12-25 21:20:03,2023,12
6,24,INC48028954,"266,226,194",121,"6,264,845,105","6,264,845,105","103,974,889","569,465,840",6,3,0,1,0,1,0,6,proceed,cancel,2023-12-26 12:55:44.000,2023-12-30 07:38:32.000,3,3,1,0,2,2023-12-25 13:52:21,2023,12
6,24,INC48029618,"140,946,784",105,"5,848,267,268","5,848,267,268","76,615,600","-99,999",3,5,0,0,0,0,0,6,proceed,cancel,2023-12-25 21:23:14.000,2023-12-26 07:38:57.000,3,3,1,0,2,2023-12-25 20:11:43,2023,12
6,31,INC48033771,"166,126,616",122,"5,703,041,351","5,703,041,013","52,728,393","215,117,249",10,3,0,0,1,1,0,10,proceed,cancel,2023-12-28 02:20:40.000,2024-01-04 07:46:34.000,3,3,1,0,2,2023-12-26 20:53:18,2023,12
6,24,INC48033611,"140,946,784",105,"5,848,267,268","5,848,267,268","61,667,736","-99,999",3,3,0,0,0,0,0,9,proceed,cancel,2023-12-27 01:23:13.000,2024-01-03 07:25:02.000,3,3,1,0,2,2023-12-26 20:21:42,2023,12
6,24,INC48029615,"140,946,784",105,"5,848,267,268","5,848,267,268","76,615,600","-99,999",3,5,0,0,0,0,0,5,proceed,cancel,2023-12-25 21:23:14.000,2023-12-26 07:38:49.000,3,3,1,0,2,2023-12-25 20:11:30,2023,12
6,24,INC48029605,"140,946,784",105,"5,848,267,268","5,848,267,268","76,615,600","-99,999",3,5,0,0,0,0,0,5,proceed,cancel,2023-12-25 21:23:13.000,2023-12-26 07:39:02.000,3,3,1,0,2,2023-12-25 20:11:15,2023,12
6,24,INC48029614,"140,946,784",105,"5,848,267,268","5,848,267,268","76,615,600","-99,999",3,5,0,0,0,0,0,5,proceed,cancel,2023-12-25 21:23:14.000,2023-12-26 07:38:59.000,3,3,1,0,2,2023-12-25 20:11:28,2023,12
6,24,INC48029760,"140,946,784",105,"5,848,267,268","5,848,267,268","76,615,600","-99,999",3,3,0,0,0,0,0,8,proceed,cancel,2023-12-25 23:53:13.000,2023-12-26 07:38:56.000,3,3,1,0,2,2023-12-25 22:03:40,2023,12
6,24,INC48028479,"140,946,784",105,"5,848,267,268","5,848,267,268","61,667,736","-99,999",3,3,0,0,0,0,0,9,proceed,cancel,2023-12-25 08:23:14.000,2024-01-03 07:24:09.000,3,3,1,0,2,2023-12-25 07:17:08,2023,12
6,24,INC48029436,"266,226,194",51,"3,790,156,078","6,264,845,105","103,974,889","569,270,610",10,3,0,1,0,1,0,10,proceed,cancel,2023-12-25 19:09:47.000,2023-12-29 07:33:54.000,3,3,1,0,2,2023-12-25 18:26:15,2023,12
6,24,INC48029456,"266,226,194",121,"6,264,845,105","6,817,328,029","103,830,082","569,480,995",6,3,0,1,1,1,0,24,proceed,cancel,2023-12-26 13:18:37.000,2023-12-30 07:38:33.000,3,3,1,0,2,2023-12-25 18:39:30,2023,12
6,24,INC48028485,"140,946,784",105,"5,848,267,268","5,848,267,268","61,667,736","-99,999",3,3,0,0,0,0,0,7,proceed,cancel,2023-12-25 08:23:14.000,2024-01-02 07:37:02.000,3,3,1,0,2,2023-12-25 07:17:49,2023,12
6,24,INC48031456,"266,226,194",121,"6,264,845,105","6,867,816,819","103,830,082","569,477,533",6,3,0,0,1,1,0,14,proceed,cancel,2023-12-26 15:48:34.000,2023-12-30 07:38:39.000,3,3,1,0,2,2023-12-26 14:33:40,2023,12
6,24,INC48029514,"140,946,784",105,"5,848,267,268","5,848,267,268","76,615,600","-99,999",3,3,0,0,0,0,0,9,proceed,cancel,2023-12-25 20:23:14.000,2023-12-26 07:38:54.000,3,3,1,0,2,2023-12-25 19:13:20,2023,12
6,24,INC48030263,"140,946,784",105,"5,848,267,268","5,848,267,268","76,615,600","-99,999",3,3,0,0,0,0,0,7,proceed,cancel,2023-12-26 07:53:13.000,2023-12-26 16:24:12.000,3,3,1,0,2,2023-12-26 06:20:41,2023,12
6,24,INC48031321,"166,126,616",121,"6,853,836,737","6,197,463,044","52,728,393","-99,999",6,3,0,0,1,0,0,8,proceed,cancel,2023-12-27 17:43:15.000,2024-01-04 07:46:34.000,3,3,1,0,2,2023-12-26 14:12:36,2023,12
6,24,INC48028475,"140,946,784",105,"5,848,267,268","5,848,267,268","61,667,736","-99,999",3,3,0,0,0,0,0,8,proceed,cancel,2023-12-25 09:23:13.000,2024-01-03 07:24:08.000,3,3,1,0,2,2023-12-25 07:13:59,2023,12
6,24,INC48028690,"266,226,194",121,"6,304,994,586","6,304,994,586","103,974,889","569,285,184",6,3,0,1,0,1,0,5,proceed,cancel,2023-12-25 10:00:44.000,2023-12-29 07:33:53.000,3,3,1,0,2,2023-12-25 09:56:57,2023,12
6,24,INC48030060,"140,946,784",105,"5,848,267,268","5,848,267,268","61,667,736","-99,999",3,5,0,0,0,0,0,16,proceed,cancel,2023-12-26 04:23:13.000,2024-01-03 07:24:13.000,3,3,1,0,2,2023-12-26 02:53:39,2023,12
6,24,INC48029611,"140,946,784",105,"5,848,267,268","5,848,267,268","76,615,600","-99,999",3,5,0,0,0,0,0,5,proceed,cancel,2023-12-25 21:23:14.000,2023-12-26 07:38:55.000,3,3,1,0,2,2023-12-25 20:11:23,2023,12
6,24,INC48029604,"140,946,784",105,"5,848,267,268","5,848,267,268","76,615,600","-99,999",3,5,0,0,0,0,0,5,proceed,cancel,2023-12-25 21:23:13.000,2023-12-26 07:38:53.000,3,3,1,0,2,2023-12-25 20:11:13,2023,12
6,24,INC48030016,"140,946,784",105,"5,848,267,268","5,848,267,268","80,859,673","-99,999",3,3,0,0,0,0,0,17,proceed,cancel,2023-12-26 08:23:13.000,2023-12-26 16:17:46.000,3,3,1,0,2,2023-12-26 02:16:21,2023,12
6,24,INC48028932,"140,946,784",105,"5,848,267,268","5,848,267,268","61,667,736","-99,999",3,5,0,0,0,0,0,12,proceed,cancel,2023-12-25 21:23:14.000,2023-12-26 05:29:54.000,3,3,1,0,2,2023-12-25 13:40:18,2023,12
6,24,INC48029812,"166,126,616",121,"3,503,348,459","5,703,037,892","52,728,393","215,117,249",6,3,0,0,1,1,0,7,proceed,cancel,2024-01-10 21:29:00.000,2024-01-18 08:53:53.000,3,3,1,0,2,2023-12-25 22:59:08,2023,12
6,24,INC48029610,"140,946,784",105,"5,848,267,268","5,848,267,268","76,615,600","-99,999",3,5,0,0,0,0,0,7,proceed,cancel,2023-12-25 21:23:14.000,2023-12-26 07:39:01.000,3,3,1,0,2,2023-12-25 20:11:22,2023,12
6,24,INC48026413,"140,946,784",105,"5,848,267,268","5,848,267,268","76,615,600","-99,999",3,3,0,0,0,0,0,7,proceed,cancel,2023-12-24 10:53:14.000,2023-12-26 16:24:18.000,3,3,1,0,2,2023-12-24 09:22:04,2023,12
6,24,INC48029603,"140,946,784",105,"5,848,267,268","5,848,267,268","76,615,600","-99,999",3,5,0,0,0,0,0,5,proceed,cancel,2023-12-25 21:23:14.000,2023-12-26 07:39:03.000,3,3,1,0,2,2023-12-25 20:11:12,2023,12
6,31,INC48030207,"266,226,194",122,"3,790,156,078","6,247,695,725","103,974,889","569,481,069",10,3,0,1,2,1,0,25,proceed,cancel,2024-01-03 15:39:40.000,2024-01-07 07:41:36.000,3,3,1,0,2,2023-12-26 05:19:05,2023,12
6,24,INC48029612,"140,946,784",105,"5,848,267,268","5,848,267,268","76,615,600","-99,999",3,5,0,0,0,0,0,5,proceed,cancel,2023-12-25 21:23:14.000,2023-12-26 07:39:00.000,3,3,1,0,2,2023-12-25 20:11:25,2023,12
6,24,INC48028484,"140,946,784",105,"5,848,267,268","5,848,267,268","61,667,736","-99,999",3,3,0,0,0,0,0,7,proceed,cancel,2023-12-25 08:23:13.000,2024-01-02 07:37:01.000,3,3,1,0,2,2023-12-25 07:17:47,2023,12
6,24,INC48029613,"140,946,784",105,"5,848,267,268","5,848,267,268","76,615,600","-99,999",3,5,0,0,0,0,0,5,proceed,cancel,2023-12-25 21:23:14.000,2023-12-26 07:38:51.000,3,3,1,0,2,2023-12-25 20:11:27,2023,12
6,24,INC48028206,"140,946,784",105,"5,848,267,268","5,848,267,268","76,615,600","-99,999",3,3,0,0,0,0,0,8,proceed,cancel,2023-12-25 05:53:14.000,2024-01-03 07:24:05.000,3,3,1,0,2,2023-12-25 04:03:48,2023,12
6,24,INC48028483,"140,946,784",105,"5,848,267,268","5,848,267,268","61,667,736","-99,999",3,3,0,0,0,0,0,7,proceed,cancel,2023-12-25 08:23:13.000,2024-01-02 07:37:00.000,3,3,1,0,2,2023-12-25 07:17:37,2023,12
6,24,INC48029251,"266,226,194",121,"6,264,845,105","6,264,845,105","103,974,889","569,381,099",6,3,0,1,2,1,0,29,proceed,cancel,2023-12-29 16:15:53.000,2024-01-02 08:43:50.000,3,3,1,0,2,2023-12-25 16:51:19,2023,12
6,24,INC48028914,"140,946,784",105,"5,848,267,268","5,848,267,268","76,615,600","-99,999",3,5,0,0,0,0,0,37,proceed,cancel,2023-12-25 14:53:13.000,2023-12-26 05:29:49.000,3,3,1,0,2,2023-12-25 13:31:06,2023,12
6,24,INC48026803,"266,226,194",121,"6,304,994,586","6,304,994,586","103,974,889","569,280,921",6,3,0,1,0,1,0,5,proceed,cancel,2023-12-24 14:26:11.000,2023-12-28 08:17:37.000,3,3,1,0,2,2023-12-24 14:20:24,2023,12
6,24,INC48028480,"140,946,784",105,"5,848,267,268","5,848,267,268","61,667,736","-99,999",3,3,0,0,0,0,0,7,proceed,cancel,2023-12-25 08:23:13.000,2024-01-02 07:36:58.000,3,3,1,0,2,2023-12-25 07:17:18,2023,12
6,24,INC48028489,"140,946,784",105,"5,848,267,268","5,848,267,268","61,667,736","-99,999",3,3,0,0,0,0,0,7,proceed,cancel,2023-12-25 08:23:14.000,2024-01-02 07:37:04.000,3,3,1,0,2,2023-12-25 07:18:01,2023,12
6,24,INC48029851,"266,226,194",121,"6,799,802,581","6,799,802,581","103,974,889","569,296,391",6,3,0,1,0,1,0,4,proceed,cancel,2023-12-25 23:39:32.000,2023-12-29 07:33:54.000,3,3,1,0,2,2023-12-25 23:32:49,2023,12
6,24,INC48029102,"140,946,784",105,"5,848,267,268","5,848,267,268","76,615,600","-99,999",3,3,0,0,0,0,0,7,proceed,cancel,2023-12-25 16:53:13.000,2023-12-26 16:24:03.000,3,3,1,0,2,2023-12-25 15:20:58,2023,12
6,24,INC48029607,"140,946,784",105,"5,848,267,268","5,848,267,268","76,615,600","-99,999",3,5,0,0,0,0,0,5,proceed,cancel,2023-12-25 21:23:14.000,2023-12-26 07:38:48.000,3,3,1,0,2,2023-12-25 20:11:16,2023,12
6,24,INC48030088,"140,946,784",105,"5,848,267,268","5,848,267,268","76,615,600","-99,999",3,3,0,0,0,0,0,7,proceed,cancel,2023-12-26 04:53:13.000,2023-12-26 16:24:16.000,3,3,1,0,2,2023-12-26 03:20:10,2023,12
6,24,INC48027883,"140,946,784",105,"5,848,267,268","5,848,267,268","80,859,673","-99,999",3,5,0,0,0,0,0,12,proceed,cancel,2023-12-25 00:23:13.000,2024-01-03 07:24:03.000,3,3,1,0,2,2023-12-24 23:15:16,2023,12
6,24,INC48029958,"140,946,784",105,"5,848,267,268","5,848,267,268","80,859,673","-99,999",3,3,0,0,0,0,0,12,proceed,cancel,2023-12-26 22:23:13.000,2024-01-03 07:24:12.000,3,3,1,0,2,2023-12-26 01:19:11,2023,12
6,24,INC48027537,"140,946,784",105,"5,848,267,268","5,848,267,268","61,667,736","-99,999",3,3,0,0,0,0,0,6,proceed,cancel,2023-12-24 21:23:14.000,2023-12-25 14:19:20.000,3,3,1,0,2,2023-12-24 19:56:51,2023,12
6,24,INC48027682,"140,946,784",105,"5,848,267,268","5,848,267,268","76,615,600","-99,999",3,3,0,0,0,0,0,28,proceed,cancel,2023-12-26 22:23:13.000,2024-01-03 07:24:02.000,3,3,1,0,2,2023-12-24 21:10:27,2023,12
6,24,INC47956237,"140,946,784",105,"5,848,267,268","5,848,267,268","76,615,600","-99,999",3,3,0,0,0,0,0,7,proceed,cancel,2023-12-14 16:53:14.000,2023-12-22 07:48:06.000,3,3,1,0,2,2023-12-14 15:14:31,2023,12
6,31,INC47954042,"140,946,784",16,"6,293,179,578","305,267","41,927,742","-99,999",10,3,0,0,2,0,0,13,proceed,cancel,2023-12-19 19:54:28.000,2023-12-27 07:44:35.000,3,3,1,0,2,2023-12-14 08:02:11,2023,12
6,24,INC47954259,"140,946,784",105,"5,848,267,268","5,848,267,268","80,859,673","-99,999",3,3,0,0,0,0,0,10,proceed,cancel,2023-12-14 12:23:14.000,2023-12-23 07:39:51.000,3,3,1,0,2,2023-12-14 10:01:29,2023,12
6,24,INC47961632,"140,946,784",105,"5,848,267,268","5,848,267,268","80,859,673","-99,999",3,3,0,0,0,0,0,114,proceed,cancel,2023-12-15 09:23:14.000,2023-12-23 07:39:54.000,3,3,1,0,2,2023-12-14 22:17:29,2023,12
6,31,INC47956684,"266,226,194",16,"6,867,816,819","6,867,816,819","103,830,082","569,308,126",7,3,0,1,1,1,0,8,proceed,cancel,2023-12-14 16:26:44.000,2023-12-18 08:52:27.000,3,3,1,0,2,2023-12-14 15:44:19,2023,12
6,31,INC47962145,"140,946,784",52,"6,218,754,222","6,230,797,880","61,667,736","-99,999",10,3,0,0,0,0,0,31,proceed,cancel,2023-12-18 21:36:05.000,2023-12-18 21:36:24.000,3,3,1,0,2,2023-12-15 00:02:20,2023,12
6,31,INC47954718,"266,226,194",122,"6,867,816,819","6,867,816,819","103,830,082","569,354,765",7,3,0,1,1,0,0,8,proceed,cancel,2023-12-14 16:46:26.000,2023-12-18 08:52:23.000,3,3,1,0,2,2023-12-14 12:51:47,2023,12
6,31,INC47954235,"140,946,784",16,"6,323,104,377","6,293,179,578","76,615,600","-99,999",10,3,0,0,3,0,0,23,proceed,cancel,2023-12-19 08:09:32.000,2023-12-19 08:10:10.000,3,3,1,0,2,2023-12-14 09:46:50,2023,12
6,25,INC48056407,"266,226,194",63,"6,204,928,876","6,204,928,876","103,974,889","569,357,766",6,3,0,1,0,1,0,5,proceed,cancel,2023-12-30 20:35:19.000,2024-01-03 08:05:18.000,3,3,1,0,2,2023-12-30 18:55:56,2023,12
6,31,INC47959508,"166,126,616",16,"6,819,139,276","6,819,139,276","52,729,432","571,333,591",6,3,0,1,0,0,0,4,proceed,cancel,2023-12-14 19:14:06.000,2023-12-22 07:52:49.000,3,3,1,0,2,2023-12-14 19:08:35,2023,12
6,25,INC47958176,"266,226,194",63,"6,838,119,269","6,838,119,269","103,974,889","569,255,098",6,3,0,1,0,1,0,5,proceed,cancel,2023-12-14 17:31:50.000,2023-12-18 08:52:29.000,3,3,1,0,2,2023-12-14 17:27:29,2023,12
6,24,INC47962196,"266,226,194",121,"6,799,802,581","6,799,802,581","103,974,889","569,296,391",6,3,0,1,0,1,0,4,proceed,cancel,2023-12-15 00:54:17.000,2023-12-18 08:52:36.000,3,3,1,0,2,2023-12-15 00:13:27,2023,12
6,24,INC47962027,"166,126,616",121,"6,159,724,274","5,703,040,455","52,728,392","215,167,115",10,3,0,0,1,1,0,9,proceed,cancel,2023-12-15 15:51:59.000,2023-12-23 07:42:23.000,3,3,1,0,2,2023-12-14 23:39:48,2023,12
6,24,INC47962735,"166,126,616",121,"5,703,040,938","5,802,727,114","52,728,393","214,602,738",10,5,0,0,3,1,0,14,proceed,cancel,2023-12-15 16:44:48.000,2023-12-23 07:42:23.000,2,2,1,0,1,2023-12-15 03:52:27,2023,12
6,24,INC47954350,"266,226,194",121,"6,200,018,870","6,200,018,870","103,974,889","569,278,309",6,3,0,1,0,0,0,6,proceed,cancel,2023-12-14 11:44:24.000,2023-12-18 08:52:22.000,3,3,1,0,2,2023-12-14 11:02:26,2023,12
6,31,INC47954185,"140,946,784",16,"6,293,179,578","6,293,179,578","76,615,600","-99,999",10,3,0,0,1,0,0,14,proceed,cancel,2023-12-26 04:47:48.000,2023-12-26 04:48:03.000,3,3,1,0,2,2023-12-14 09:14:02,2023,12
6,24,INC47962760,"166,126,616",121,"3,238,366,924","5,802,727,114","52,728,393","214,602,738",6,5,0,0,1,1,0,7,proceed,cancel,2023-12-15 16:42:35.000,2023-12-23 07:42:24.000,3,3,1,0,2,2023-12-15 04:13:42,2023,12
6,24,INC47961654,"166,126,616",121,"5,988,622,976","5,703,041,143","87,971,197","215,070,509",10,5,0,0,2,0,0,7,proceed,cancel,2024-01-25 17:39:49.000,2024-02-02 07:51:32.000,2,3,1,0,2,2023-12-14 22:22:28,2023,12
6,24,INC47960727,"140,946,784",105,"5,848,267,268","5,848,267,268","61,667,736","-99,999",3,3,0,0,0,0,0,7,proceed,cancel,2023-12-14 21:53:15.000,2023-12-22 07:48:10.000,3,3,1,0,2,2023-12-14 20:35:50,2023,12
6,24,INC47961062,"140,946,784",105,"5,848,267,268","6,345,982,539","61,667,736","-99,999",3,3,0,0,0,0,0,15,proceed,cancel,2023-12-16 07:40:11.000,2023-12-16 07:40:43.000,3,3,1,0,2,2023-12-14 21:09:14,2023,12
6,31,INC47960498,"266,226,194",122,"3,790,156,078","6,817,329,706","103,830,082","569,393,051",10,3,0,0,1,1,0,10,proceed,cancel,2023-12-18 16:07:37.000,2023-12-22 08:01:39.000,3,3,1,0,2,2023-12-14 20:11:40,2023,12
6,31,INC47960213,"266,226,194",122,"3,790,156,078","6,817,329,706","103,830,082","569,324,130",4,3,0,0,1,1,0,7,proceed,cancel,2023-12-14 19:53:19.000,2023-12-18 08:52:33.000,3,3,1,0,2,2023-12-14 19:51:09,2023,12
6,25,INC47958905,"266,226,194",63,"6,264,845,105","6,264,845,105","103,974,889","569,339,171",2,3,0,1,0,1,0,5,proceed,cancel,2023-12-14 19:27:24.000,2023-12-18 08:52:31.000,3,3,1,0,2,2023-12-14 18:28:52,2023,12
6,31,INC47962483,"140,946,784",16,"6,293,179,578","6,293,179,578","76,615,600","-99,999",10,3,0,0,3,0,0,13,proceed,cancel,2023-12-15 06:12:08.000,2023-12-15 06:12:28.000,3,3,1,0,2,2023-12-15 01:44:21,2023,12
6,24,INC47962204,"140,946,784",105,"5,848,267,268","5,848,267,268","61,667,736","-99,999",3,3,0,0,0,0,0,7,proceed,cancel,2023-12-15 17:23:14.000,2023-12-23 07:39:56.000,3,3,1,0,2,2023-12-15 00:16:11,2023,12
6,25,INC47960831,"266,226,194",63,"6,247,695,725","6,247,695,725","103,974,889","569,357,766",6,3,0,1,0,1,0,5,proceed,cancel,2023-12-14 20:45:35.000,2023-12-18 08:52:33.000,3,3,1,0,2,2023-12-14 20:44:29,2023,12
6,24,INC47954161,"140,946,784",105,"5,848,267,268","5,848,267,268","80,859,673","-99,999",3,5,0,0,0,0,0,13,proceed,cancel,2023-12-14 10:23:15.000,2023-12-22 07:48:00.000,3,3,1,0,2,2023-12-14 08:58:27,2023,12
6,24,INC48026516,"140,946,784",105,"5,848,267,268","5,848,267,268","76,615,600","-99,999",3,3,0,0,0,0,0,10,proceed,cancel,2023-12-24 12:53:13.000,2023-12-26 16:24:02.000,3,3,1,0,2,2023-12-24 11:14:15,2023,12
6,24,INC48026027,"166,126,616",51,"6,842,456,985","5,703,040,921","52,728,392","591,460,505",6,3,0,0,1,1,0,6,proceed,cancel,2023-12-29 13:19:29.000,2024-01-06 07:41:08.000,3,3,1,0,2,2023-12-24 03:19:26,2023,12
6,24,INC48024650,"140,946,784",105,"5,848,267,268","-99,999","76,615,600","-99,999",3,3,0,0,0,0,0,9,proceed,cancel,2023-12-26 07:53:26.000,2024-01-28 08:23:42.000,3,3,1,0,2,2023-12-23 17:04:00,2023,12
6,24,INC48027402,"140,946,784",105,"5,848,267,268","5,848,267,268","76,615,600","-99,999",3,3,0,0,0,0,0,10,proceed,cancel,2023-12-24 20:23:13.000,2024-01-01 07:27:55.000,3,3,1,0,2,2023-12-24 18:54:47,2023,12
6,24,INC48025325,"266,226,194",27,"6,352,927,241","6,247,695,725","103,974,889","569,381,233",6,3,0,1,2,1,0,28,proceed,cancel,2024-01-02 14:08:17.000,2024-01-06 07:47:22.000,3,3,1,0,2,2023-12-23 20:58:53,2023,12
6,24,INC48024612,"140,946,784",105,"5,848,267,268","5,848,267,268","76,615,600","-99,999",3,3,0,0,0,0,0,7,proceed,cancel,2023-12-23 18:23:13.000,2023-12-26 07:53:32.000,3,3,1,0,2,2023-12-23 16:52:55,2023,12
6,24,INC48025557,"166,126,616",121,"6,877,569,204","5,703,040,455","52,728,392","571,456,192",10,3,0,0,1,1,0,9,proceed,cancel,2024-01-03 18:20:42.000,2024-01-11 08:31:40.000,3,3,1,0,2,2023-12-23 22:28:56,2023,12
6,24,INC48025974,"166,126,616",121,"5,767,482,911","5,703,041,013","52,728,393","215,117,249",10,3,0,0,1,1,0,8,proceed,cancel,2023-12-28 02:28:07.000,2024-01-04 07:46:33.000,3,3,1,0,2,2023-12-24 02:43:50,2023,12
6,24,INC48027597,"140,946,784",105,"5,848,267,268","5,848,267,268","61,667,736","-99,999",3,5,0,0,0,0,0,10,proceed,cancel,2023-12-24 21:53:13.000,2023-12-25 14:19:23.000,3,3,1,0,2,2023-12-24 20:29:36,2023,12
6,24,INC48027739,"266,226,194",27,"6,352,927,241","6,352,927,241","103,974,889","569,480,995",6,3,0,1,0,1,0,6,proceed,cancel,2023-12-24 22:09:20.000,2023-12-28 08:17:38.000,3,3,1,0,2,2023-12-24 21:42:00,2023,12
6,25,INC48026980,"266,226,194",63,"6,204,928,876","6,204,928,876","103,974,889","569,357,766",6,3,0,1,0,1,0,5,proceed,cancel,2023-12-24 15:54:01.000,2023-12-28 08:17:38.000,3,3,1,0,2,2023-12-24 15:47:41,2023,12
6,24,INC48024495,"140,946,784",105,"5,848,267,268","5,848,267,268","80,859,673","-99,999",3,3,0,0,0,0,0,34,proceed,cancel,2023-12-24 02:53:13.000,2023-12-26 16:18:32.000,3,3,1,0,2,2023-12-23 16:09:33,2023,12
6,24,INC48025578,"166,126,616",121,"6,807,895,706","5,703,040,455","52,728,392","215,157,250",10,3,0,0,1,0,0,11,proceed,cancel,2023-12-26 21:05:42.000,2024-01-03 07:56:03.000,3,3,1,0,2,2023-12-23 22:33:50,2023,12
6,24,INC48024626,"140,946,784",105,"5,848,267,268","5,848,267,268","76,615,600","-99,999",3,3,0,0,0,0,0,7,proceed,cancel,2023-12-25 22:23:13.000,2023-12-26 07:53:43.000,3,3,1,0,2,2023-12-23 16:58:43,2023,12
6,24,INC48028448,"140,946,784",105,"5,848,267,268","5,848,267,268","80,859,673","-99,999",3,3,0,0,0,0,0,13,proceed,cancel,2023-12-25 08:23:15.000,2024-01-03 07:24:07.000,3,3,1,0,2,2023-12-25 06:45:48,2023,12
6,24,INC48028130,"140,946,784",105,"5,848,267,268","5,848,267,268","76,615,600","-99,999",3,3,0,0,0,0,0,8,proceed,cancel,2023-12-25 03:53:13.000,2024-01-03 07:24:04.000,3,3,1,0,2,2023-12-25 02:35:37,2023,12
6,24,INC48026875,"166,126,616",121,"5,759,423,830","5,703,040,921","52,728,392","214,667,627",6,5,0,0,1,1,0,6,proceed,cancel,2023-12-24 15:23:28.000,2024-01-01 07:32:10.000,2,2,1,0,1,2023-12-24 14:54:50,2023,12
6,24,INC48026315,"140,946,784",105,"5,848,267,268","5,848,267,268","61,667,736","-99,999",3,5,0,0,0,0,0,11,proceed,cancel,2024-01-03 21:53:13.000,2024-01-11 07:48:59.000,3,3,1,0,2,2023-12-24 08:01:05,2023,12
6,24,INC48024638,"140,946,784",105,"5,848,267,268","5,848,267,268","76,615,600","-99,999",3,5,0,0,0,0,0,9,proceed,cancel,2023-12-23 18:23:13.000,2023-12-26 07:53:42.000,3,3,1,0,2,2023-12-23 17:01:42,2023,12
6,24,INC48027781,"266,226,194",121,"6,251,464,626","6,264,845,105","103,974,889","569,465,840",2,3,0,1,0,1,0,18,proceed,cancel,2023-12-28 12:12:49.000,2024-01-01 07:36:30.000,3,3,1,0,2,2023-12-24 22:10:30,2023,12
6,24,INC48027610,"140,946,784",105,"5,848,267,268","5,848,267,268","61,667,736","-99,999",3,3,0,0,0,0,0,8,proceed,cancel,2023-12-24 21:53:13.000,2023-12-25 14:19:21.000,3,3,1,0,2,2023-12-24 20:33:37,2023,12
6,24,INC48027057,"140,946,784",105,"5,848,267,268","5,848,267,268","80,859,673","-99,999",3,3,0,0,0,0,0,22,proceed,cancel,2023-12-25 04:23:13.000,2023-12-26 16:18:18.000,3,3,1,0,2,2023-12-24 16:17:45,2023,12
6,24,INC48026070,"166,126,616",121,"6,877,569,204","5,703,041,143","87,971,197","214,635,102",10,3,0,0,1,1,0,5,proceed,cancel,2024-01-05 16:06:33.000,2024-01-13 08:00:00.000,3,3,1,0,2,2023-12-24 04:03:32,2023,12
6,24,INC48027882,"140,946,784",105,"5,848,267,268","5,848,267,268","80,859,673","-99,999",3,3,0,0,0,0,0,6,proceed,cancel,2023-12-25 00:23:13.000,2024-01-01 07:27:57.000,3,3,1,0,2,2023-12-24 23:14:29,2023,12
6,24,INC48026830,"140,946,784",105,"5,848,267,268","5,848,267,268","76,615,600","-99,999",3,3,0,0,0,0,0,10,proceed,cancel,2023-12-24 15:53:14.000,2023-12-26 16:24:10.000,3,3,1,0,2,2023-12-24 14:34:35,2023,12
6,24,INC48026941,"266,226,194",121,"6,204,928,876","6,264,845,105","103,974,889","569,339,171",6,3,0,1,0,1,0,9,proceed,cancel,2023-12-26 12:13:41.000,2023-12-30 07:38:31.000,3,3,1,0,2,2023-12-24 15:27:30,2023,12
6,24,INC48026200,"140,946,784",105,"5,848,267,268","6,345,982,539","76,615,600","-99,999",3,3,0,0,0,0,0,14,proceed,cancel,2023-12-24 16:14:46.000,2023-12-24 16:15:25.000,3,3,1,0,2,2023-12-24 06:05:42,2023,12
6,31,INC48026996,"166,126,616",122,"5,767,482,532","6,016,140,447","52,728,392","333,108,108",10,3,0,0,1,1,0,6,proceed,cancel,2023-12-31 02:34:55.000,2024-01-07 07:38:19.000,3,3,1,0,2,2023-12-24 15:57:48,2023,12
6,24,INC48024646,"140,946,784",105,"5,848,267,268","5,848,267,268","76,615,600","-99,999",3,3,0,0,0,0,0,9,proceed,cancel,2023-12-23 18:23:14.000,2023-12-26 07:53:35.000,3,3,1,0,2,2023-12-23 17:03:54,2023,12
6,24,INC48024496,"140,946,784",105,"5,848,267,268","5,848,267,268","80,859,673","-99,999",3,3,0,0,0,0,0,120,proceed,cancel,2023-12-24 04:23:14.000,2023-12-26 16:17:59.000,3,3,1,0,2,2023-12-23 16:09:34,2023,12
6,24,INC48026199,"140,946,784",105,"5,848,267,268","5,848,267,268","80,859,673","-99,999",3,3,0,0,0,0,0,11,proceed,cancel,2023-12-24 07:53:13.000,2024-01-01 07:27:53.000,3,3,1,0,2,2023-12-24 06:05:38,2023,12
6,24,INC48027684,"140,946,784",105,"5,848,267,268","5,848,267,268","76,615,600","-99,999",3,3,0,0,0,0,0,10,proceed,cancel,2023-12-24 22:53:13.000,2024-01-03 07:24:02.000,3,3,1,0,2,2023-12-24 21:11:47,2023,12
6,24,INC48028387,"140,946,784",105,"5,848,267,268","5,848,267,268","76,615,600","-99,999",3,3,0,0,0,0,0,12,proceed,cancel,2023-12-25 07:23:13.000,2024-01-03 07:24:06.000,3,3,1,0,2,2023-12-25 05:46:28,2023,12
6,31,INC48024687,"166,126,616",16,"6,816,701,351","5,703,040,455","52,728,392","215,070,509",6,3,0,0,2,0,0,12,proceed,cancel,2024-01-03 18:01:59.000,2024-01-11 08:31:40.000,3,3,1,0,2,2023-12-23 17:16:13,2023,12
6,24,INC48026305,"140,946,784",105,"5,848,267,268","5,848,267,268","76,615,600","-99,999",3,3,0,0,0,0,0,7,proceed,cancel,2023-12-24 09:23:13.000,2024-01-01 07:27:54.000,3,3,1,0,2,2023-12-24 07:49:55,2023,12
6,24,INC48024614,"266,226,194",121,"6,204,928,876","6,838,119,269","103,974,889","569,308,432",6,3,0,1,0,1,0,11,proceed,cancel,2023-12-26 16:34:20.000,2023-12-30 07:38:30.000,3,3,1,0,2,2023-12-23 16:54:31,2023,12
6,31,INC48026589,"166,126,616",122,"6,026,174,636","5,703,040,921","52,728,392","591,460,505",10,3,0,0,1,1,0,5,proceed,cancel,2023-12-29 13:07:02.000,2024-01-06 07:41:08.000,3,3,1,0,2,2023-12-24 12:13:50,2023,12
6,24,INC48027478,"140,946,784",105,"5,848,267,268","6,345,982,539","61,667,736","-99,999",3,3,0,0,0,0,0,13,proceed,cancel,2023-12-25 14:18:41.000,2023-12-25 14:19:14.000,3,3,1,0,2,2023-12-24 19:27:47,2023,12
6,24,INC48027577,"140,946,784",105,"5,848,267,268","5,848,267,268","80,859,673","-99,999",3,3,0,0,0,0,0,89,proceed,cancel,2023-12-25 04:53:13.000,2023-12-26 16:17:48.000,3,3,1,0,2,2023-12-24 20:17:45,2023,12
6,24,INC48025388,"140,946,784",105,"5,848,267,268","5,848,267,268","80,859,673","-99,999",3,5,0,0,0,0,0,16,proceed,cancel,2023-12-26 02:23:13.000,2024-01-02 07:36:57.000,3,3,1,0,2,2023-12-23 21:17:13,2023,12
6,24,INC48024404,"140,946,784",105,"5,848,267,268","5,848,267,268","76,615,600","-99,999",3,5,0,0,0,0,0,13,proceed,cancel,2023-12-23 17:53:13.000,2023-12-26 07:53:27.000,3,3,1,0,2,2023-12-23 15:34:11,2023,12
6,24,INC48027695,"140,946,784",105,"5,848,267,268","5,848,267,268","76,615,600","-99,999",3,3,0,0,0,0,0,7,proceed,cancel,2023-12-24 22:23:14.000,2024-01-01 07:27:56.000,3,3,1,0,2,2023-12-24 21:15:09,2023,12
6,31,INC48025199,"166,126,616",16,"6,880,303,143","6,016,140,447","52,728,392","215,167,115",10,3,0,0,1,1,0,10,proceed,cancel,2023-12-27 14:28:16.000,2024-01-04 07:46:32.000,3,3,1,0,2,2023-12-23 20:10:59,2023,12
6,24,INC48027536,"140,946,784",105,"5,848,267,268","5,848,267,268","61,667,736","-99,999",3,3,0,0,0,0,0,7,proceed,cancel,2023-12-24 21:23:14.000,2023-12-25 14:19:22.000,3,3,1,0,2,2023-12-24 19:56:47,2023,12
6,24,INC48027925,"266,226,194",121,"6,251,464,626","6,838,119,269","103,974,889","569,316,741",6,3,0,1,0,1,0,14,proceed,cancel,2023-12-29 17:24:36.000,2024-01-02 08:43:49.000,3,3,1,0,2,2023-12-24 23:45:03,2023,12
6,24,INC48024621,"140,946,784",105,"5,848,267,268","5,848,267,268","61,667,736","-99,999",3,5,0,0,0,0,0,9,proceed,cancel,2023-12-23 18:23:13.000,2023-12-26 07:53:28.000,3,3,1,0,2,2023-12-23 16:56:00,2023,12
6,25,INC48055564,"266,226,194",63,"6,204,928,876","6,204,928,876","103,974,889","569,357,766",6,3,0,1,0,1,0,5,proceed,cancel,2023-12-30 20:22:28.000,2024-01-03 08:05:15.000,3,3,1,0,2,2023-12-30 14:01:03,2023,12
6,24,INC48055336,"140,946,784",105,"5,848,267,268","5,848,267,268","80,859,673","-99,999",3,3,0,0,0,0,0,9,proceed,cancel,2023-12-31 17:53:13.000,2024-01-01 10:34:01.000,3,3,1,0,2,2023-12-30 11:32:32,2023,12
6,24,INC48055331,"140,946,784",105,"5,848,267,268","5,848,267,268","80,859,673","-99,999",3,3,0,0,0,0,0,9,proceed,cancel,2023-12-31 17:53:13.000,2024-01-01 10:33:59.000,3,3,1,0,2,2023-12-30 11:31:24,2023,12
6,25,INC48055507,"266,226,194",63,"6,204,928,876","6,204,928,876","103,974,889","569,357,766",6,3,0,1,0,1,0,5,proceed,cancel,2023-12-30 19:13:40.000,2024-01-03 08:05:14.000,3,3,1,0,2,2023-12-30 13:31:45,2023,12
6,24,INC48055754,"140,946,784",105,"5,848,267,268","5,848,267,268","76,615,600","-99,999",3,3,0,0,0,0,0,7,proceed,cancel,2023-12-30 16:53:14.000,2024-01-07 07:34:46.000,3,3,1,0,2,2023-12-30 15:20:13,2023,12
6,24,INC48055436,"266,226,194",121,"6,304,994,586","6,304,994,586","103,974,889","569,339,437",6,3,0,1,0,1,0,5,proceed,cancel,2023-12-30 12:52:38.000,2024-01-03 08:05:14.000,3,3,1,0,2,2023-12-30 12:50:24,2023,12
6,25,INC48056402,"266,226,194",63,"6,204,928,876","6,204,928,876","103,974,889","569,357,766",6,3,0,1,0,1,0,5,proceed,cancel,2023-12-30 20:26:53.000,2024-01-03 08:05:17.000,3,3,1,0,2,2023-12-30 18:53:38,2023,12
6,31,INC48055834,"166,126,616",16,"6,816,701,351","6,816,701,351","52,729,432","571,456,467",6,3,0,1,0,0,0,6,proceed,cancel,2023-12-30 15:52:58.000,2024-01-07 07:38:22.000,3,3,1,0,2,2023-12-30 15:48:13,2023,12
6,25,INC48055548,"266,226,194",63,"6,204,928,876","6,204,928,876","103,974,889","569,357,766",6,3,0,1,0,1,0,5,proceed,cancel,2023-12-30 19:21:59.000,2024-01-03 08:05:15.000,3,3,1,0,2,2023-12-30 13:53:10,2023,12
6,25,INC48055551,"266,226,194",63,"6,204,928,876","5,793,903,899","103,974,889","569,357,766",6,3,0,1,0,1,0,5,proceed,cancel,2024-01-01 12:58:15.000,2024-01-05 07:29:07.000,3,3,1,0,2,2023-12-30 13:55:02,2023,12
6,31,INC48056170,"166,126,616",16,"6,816,701,351","6,197,463,044","52,728,393","215,117,249",6,3,0,0,1,1,0,14,proceed,cancel,2023-12-30 19:13:25.000,2024-01-12 08:00:44.000,3,3,1,0,2,2023-12-30 17:36:51,2023,12
6,24,INC48055324,"140,946,784",105,"5,848,267,268","6,345,982,539","80,859,673","-99,999",3,3,0,0,0,0,0,17,proceed,cancel,2024-01-01 10:33:20.000,2024-01-01 10:33:41.000,3,3,1,0,2,2023-12-30 11:27:32,2023,12
6,24,INC48055879,"140,946,784",105,"5,848,267,268","5,848,267,268","61,667,736","-99,999",3,5,0,0,0,0,0,12,proceed,cancel,2023-12-31 16:53:13.000,2024-01-08 08:02:58.000,3,3,1,0,2,2023-12-30 16:05:53,2023,12
6,25,INC48056348,"166,126,616",63,"6,278,127,932","5,796,265,319","52,728,393","215,157,251",10,3,0,0,2,1,0,25,proceed,cancel,2024-01-11 18:07:18.000,2024-01-19 07:44:27.000,3,3,1,0,2,2023-12-30 18:37:20,2023,12
6,24,INC48057109,"140,946,784",105,"5,848,267,268","5,848,267,268","76,615,600","-99,999",3,3,0,0,0,0,0,16,proceed,cancel,2024-01-02 04:23:14.000,2024-01-09 08:05:00.000,3,3,1,0,2,2023-12-30 23:54:56,2023,12
6,24,INC48056995,"166,126,616",121,"6,842,456,985","5,802,727,114","52,728,393","215,070,509",6,5,0,0,1,0,0,6,proceed,cancel,2024-01-01 00:42:40.000,2024-01-08 09:09:12.000,2,3,1,0,2,2023-12-30 22:49:44,2023,12
6,24,INC48056050,"140,946,784",105,"5,848,267,268","5,848,267,268","76,615,600","-99,999",3,5,0,0,0,0,0,10,proceed,cancel,2023-12-31 04:53:13.000,2024-01-05 02:18:01.000,3,3,1,0,2,2023-12-30 17:01:07,2023,12
6,24,INC48055339,"140,946,784",105,"5,848,267,268","5,848,267,268","76,615,600","-99,999",3,3,0,0,0,0,0,7,proceed,cancel,2023-12-30 12:53:13.000,2024-01-07 07:34:45.000,3,3,1,0,2,2023-12-30 11:35:32,2023,12
6,24,INC48049130,"140,946,784",105,"5,848,267,268","5,848,267,268","80,859,673","-99,999",3,3,0,0,0,0,0,20,proceed,cancel,2023-12-29 10:53:14.000,2024-01-06 07:38:51.000,3,3,1,0,2,2023-12-29 07:05:06,2023,12
6,24,INC48053396,"140,946,784",105,"5,848,267,268","5,848,267,268","76,615,600","-99,999",3,3,0,0,0,0,0,7,proceed,cancel,2023-12-29 21:53:13.000,2024-01-06 07:38:57.000,3,3,1,0,2,2023-12-29 20:34:02,2023,12
6,31,INC48056229,"166,126,616",122,"6,172,295,149","6,016,140,447","52,728,391","333,108,108",10,3,0,0,1,1,0,5,proceed,cancel,2024-01-05 17:13:02.000,2024-01-13 08:00:02.000,3,3,1,0,2,2023-12-30 17:56:19,2023,12
6,24,INC48054661,"140,946,784",105,"5,848,267,268","5,848,267,268","61,667,736","-99,999",3,3,0,0,0,0,0,7,proceed,cancel,2023-12-30 03:23:13.000,2023-12-30 11:24:13.000,3,3,1,0,2,2023-12-30 02:19:03,2023,12
6,24,INC48056097,"140,946,784",105,"5,848,267,268","5,848,267,268","76,615,600","-99,999",3,3,0,0,0,0,0,7,proceed,cancel,2023-12-30 18:23:13.000,2024-01-07 07:34:46.000,3,3,1,0,2,2023-12-30 17:12:02,2023,12
6,24,INC48050849,"140,946,784",105,"5,848,267,268","5,848,267,268","61,667,736","-99,999",3,5,0,0,0,0,0,8,proceed,cancel,2023-12-29 16:23:13.000,2023-12-30 11:18:57.000,3,3,1,0,2,2023-12-29 15:21:23,2023,12
6,24,INC48056885,"166,126,616",121,"6,842,456,985","5,802,727,114","52,728,393","215,117,249",6,3,0,0,2,1,0,7,proceed,cancel,2024-01-01 00:44:29.000,2024-01-08 09:09:12.000,3,3,1,0,2,2023-12-30 21:56:07,2023,12
6,25,INC48055567,"266,226,194",63,"6,204,928,876","6,204,928,876","103,974,889","569,357,766",6,3,0,1,0,1,0,5,proceed,cancel,2023-12-30 20:09:32.000,2024-01-03 08:05:16.000,3,3,1,0,2,2023-12-30 14:02:39,2023,12
6,24,INC48049187,"140,946,784",105,"5,848,267,268","5,848,267,268","80,859,673","-99,999",3,3,0,0,0,0,0,7,proceed,cancel,2023-12-29 11:23:13.000,2023-12-30 11:20:52.000,3,3,1,0,2,2023-12-29 08:04:17,2023,12
6,24,INC48053694,"140,946,784",105,"5,848,267,268","6,293,179,578","76,615,600","-99,999",3,5,0,0,0,0,0,15,proceed,cancel,2023-12-30 04:18:33.000,2023-12-30 04:18:47.000,3,3,1,0,2,2023-12-29 21:21:52,2023,12
6,24,INC48055020,"140,946,784",105,"5,848,267,268","5,848,267,268","76,615,600","-99,999",3,3,0,0,0,0,0,11,proceed,cancel,2024-01-10 12:12:50.000,2024-01-18 08:14:30.000,3,3,1,0,2,2023-12-30 07:04:11,2023,12
6,25,INC48056404,"266,226,194",63,"6,204,928,876","6,204,928,876","103,974,889","569,357,766",6,3,0,1,0,1,0,5,proceed,cancel,2023-12-30 20:33:12.000,2024-01-03 08:05:17.000,3,3,1,0,2,2023-12-30 18:54:05,2023,12
6,24,INC48056572,"166,126,616",121,"6,842,456,985","5,703,040,921","52,728,392","592,743,960",6,5,0,0,1,0,0,5,proceed,cancel,2024-01-03 18:35:36.000,2024-01-11 08:31:42.000,2,3,1,0,2,2023-12-30 19:40:31,2023,12
6,24,INC48055329,"140,946,784",105,"5,848,267,268","5,848,267,268","80,859,673","-99,999",3,3,0,0,0,0,0,9,proceed,cancel,2023-12-31 17:53:13.000,2024-01-01 10:34:00.000,3,3,1,0,2,2023-12-30 11:31:21,2023,12
6,24,INC48050215,"140,946,784",105,"5,848,267,268","5,848,267,268","80,859,673","-99,999",3,3,0,0,0,0,0,8,proceed,cancel,2023-12-29 16:23:13.000,2024-01-06 07:38:54.000,3,3,1,0,2,2023-12-29 14:13:06,2023,12
6,24,INC48049150,"140,946,784",105,"5,848,267,268","5,848,267,268","80,859,673","-99,999",3,3,0,0,0,0,0,20,proceed,cancel,2023-12-29 10:53:14.000,2024-01-06 07:38:51.000,3,3,1,0,2,2023-12-29 07:21:07,2023,12
6,24,INC48054659,"140,946,784",105,"5,848,267,268","5,848,267,268","61,667,736","-99,999",3,5,0,0,0,0,0,9,proceed,cancel,2023-12-30 03:23:13.000,2023-12-30 11:24:10.000,3,3,1,0,2,2023-12-30 02:18:42,2023,12
6,25,INC48056423,"266,226,194",63,"6,204,928,876","6,204,928,876","103,974,889","569,357,766",6,3,0,1,0,1,0,5,proceed,cancel,2023-12-30 20:36:51.000,2024-01-03 08:05:18.000,3,3,1,0,2,2023-12-30 19:01:32,2023,12
6,31,INC47962692,"266,226,194",122,"3,790,156,078","6,817,329,706","103,830,082","569,324,130",4,3,0,0,1,1,0,8,proceed,cancel,2023-12-15 03:25:20.000,2023-12-18 08:52:38.000,3,3,1,0,2,2023-12-15 03:23:19,2023,12
6,24,INC47958158,"266,226,194",121,"6,264,845,105","6,817,331,932","103,830,084","569,257,949",6,3,0,1,1,1,0,21,proceed,cancel,2023-12-14 17:59:33.000,2023-12-18 08:52:28.000,3,3,1,0,2,2023-12-14 17:26:03,2023,12
6,31,INC47958994,"166,126,616",122,"6,193,088,209","5,703,040,921","52,728,392","215,097,312",10,3,0,0,1,1,0,6,proceed,cancel,2023-12-15 14:58:34.000,2023-12-23 07:42:21.000,3,3,1,0,2,2023-12-14 18:36:37,2023,12
6,24,INC47960657,"266,226,194",121,"6,313,447,475","6,817,329,420","103,830,082","569,463,331",6,3,0,0,1,1,0,17,proceed,cancel,2023-12-18 17:59:42.000,2023-12-18 17:59:50.000,3,3,1,0,2,2023-12-14 20:28:31,2023,12
6,24,INC47959946,"166,126,616",121,"6,322,476,999","5,802,727,114","52,728,393","215,117,249",10,3,0,0,1,1,0,9,proceed,cancel,2023-12-15 17:02:38.000,2023-12-23 07:42:22.000,3,3,1,0,2,2023-12-14 19:34:45,2023,12
6,31,INC47959350,"166,126,616",122,"6,003,425,220","5,703,040,921","52,728,392","215,097,312",10,3,0,0,1,1,0,6,proceed,cancel,2023-12-15 14:58:03.000,2023-12-23 07:42:21.000,3,3,1,0,2,2023-12-14 18:58:09,2023,12
6,24,INC47961646,"266,226,194",121,"5,802,967,307","5,802,967,307","103,974,889","569,381,233",6,3,0,1,0,1,0,6,proceed,cancel,2023-12-14 22:42:51.000,2023-12-18 08:52:36.000,3,3,1,0,2,2023-12-14 22:19:54,2023,12
6,31,INC47957522,"166,126,616",16,"6,282,668,315","541,413","52,729,432","572,602,376",10,3,0,1,0,1,0,6,proceed,cancel,2023-12-14 19:24:11.000,2023-12-22 07:52:47.000,3,3,1,0,2,2023-12-14 16:38:57,2023,12
6,24,INC47957347,"266,226,194",121,"3,790,156,078","6,817,329,420","103,830,082","569,435,129",10,3,0,0,1,1,0,34,proceed,cancel,2023-12-14 20:01:19.000,2023-12-14 20:01:33.000,3,3,1,1,2,2023-12-14 16:26:52,2023,12
6,31,INC47950832,"266,226,194",122,"3,790,156,078","6,817,328,029","103,830,082","569,370,289",10,3,0,1,1,1,0,16,proceed,cancel,2023-12-13 20:41:46.000,2023-12-17 09:10:51.000,3,3,1,0,2,2023-12-13 19:54:07,2023,12
6,24,INC47953655,"140,946,784",105,"5,848,267,268","5,848,267,268","61,667,736","-99,999",3,3,0,0,0,0,0,15,proceed,cancel,2023-12-14 06:23:13.000,2023-12-15 15:06:22.000,3,3,1,0,2,2023-12-14 05:04:37,2023,12
6,24,INC47945714,"140,946,784",105,"5,848,267,268","5,848,267,268","80,859,673","-99,999",3,5,0,0,0,0,0,9,proceed,cancel,2023-12-13 18:23:13.000,2023-12-21 07:41:11.000,3,3,1,0,2,2023-12-13 13:10:38,2023,12
6,24,INC47962502,"166,126,616",51,"5,788,661,775","5,802,727,114","52,728,393","215,060,468",10,3,0,0,2,1,0,11,proceed,cancel,2023-12-15 16:55:20.000,2023-12-23 07:42:23.000,3,3,1,0,2,2023-12-15 01:55:20,2023,12
6,31,INC47959264,"266,226,194",122,"3,790,156,078","6,838,119,269","103,974,889","569,393,051",10,3,0,1,0,1,0,39,proceed,cancel,2023-12-27 17:14:43.000,2023-12-31 07:32:11.000,3,3,1,0,2,2023-12-14 18:53:41,2023,12
6,24,INC47862951,"266,226,194",121,"6,352,927,241","6,352,927,241","103,974,889","569,277,277",6,3,0,1,0,1,0,18,proceed,cancel,2023-12-07 22:00:18.000,2023-12-10 10:26:02.000,3,3,1,0,2,2023-12-03 22:12:23,2023,12
6,31,INC47848640,"140,946,784",16,"6,293,179,578","6,293,179,578","76,615,600","-99,999",10,3,0,0,3,0,0,12,proceed,cancel,2023-12-01 08:28:43.000,2023-12-01 08:30:13.000,3,3,1,0,2,2023-12-01 06:47:13,2023,12
6,24,INC47848356,"140,946,784",105,"5,848,267,268","5,848,267,268","76,615,600","-99,999",3,3,0,0,0,0,0,7,proceed,cancel,2023-12-01 05:53:13.000,2023-12-08 07:47:37.000,3,3,1,0,2,2023-12-01 04:17:20,2023,12
6,24,INC47848095,"140,946,784",105,"5,848,267,268","5,848,267,268","80,859,673","-99,999",3,3,0,0,0,0,0,45,proceed,cancel,2023-12-01 08:23:13.000,2023-12-09 07:42:38.000,3,3,1,0,2,2023-12-01 02:14:59,2023,12
6,24,INC47848259,"140,946,784",105,"5,848,267,268","5,848,267,268","76,615,600","-99,999",3,3,0,0,0,0,0,8,proceed,cancel,2023-12-01 04:53:16.000,2023-12-08 07:47:36.000,3,3,1,0,2,2023-12-01 03:25:30,2023,12
6,24,INC47848101,"140,946,784",105,"5,848,267,268","5,848,267,268","76,615,600","-99,999",3,3,0,0,0,0,0,7,proceed,cancel,2023-12-01 03:53:13.000,2023-12-08 07:47:36.000,3,3,1,0,2,2023-12-01 02:17:10,2023,12
6,24,INC48018590,"140,946,784",105,"5,848,267,268","6,345,982,539","61,667,736","-99,999",3,3,0,0,0,0,0,13,proceed,cancel,2023-12-23 08:36:29.000,2023-12-23 08:36:57.000,3,3,1,0,2,2023-12-22 14:58:54,2023,12
6,24,INC48017272,"140,946,784",105,"5,848,267,268","5,848,267,268","80,859,673","-99,999",3,3,0,0,0,0,0,20,proceed,cancel,2023-12-22 15:53:13.000,2023-12-26 16:17:39.000,3,3,1,0,2,2023-12-22 11:13:18,2023,12
6,24,INC48023039,"140,946,784",105,"5,848,267,268","5,848,267,268","76,615,600","-99,999",3,3,0,0,0,0,0,9,proceed,cancel,2024-01-10 19:43:33.000,2024-01-18 08:14:13.000,3,3,1,0,2,2023-12-23 03:33:53,2023,12
6,24,INC47933404,"166,126,616",51,"5,788,661,775","6,197,463,044","52,728,393","572,579,317",10,3,0,0,3,0,0,8,proceed,cancel,2023-12-13 01:55:42.000,2023-12-20 08:26:37.000,3,3,1,0,2,2023-12-12 00:50:18,2023,12
6,31,INC48018632,"166,126,616",16,"6,278,127,732","5,703,038,618","52,728,391","215,090,643",10,3,0,0,1,1,0,6,proceed,cancel,2023-12-22 15:43:18.000,2023-12-30 07:31:10.000,3,3,1,0,2,2023-12-22 15:02:59,2023,12
6,31,INC48023137,"140,946,784",16,"6,293,179,578","6,293,179,578","76,615,600","-99,999",10,3,0,0,3,0,0,16,proceed,cancel,2023-12-27 04:13:47.000,2023-12-27 04:14:18.000,3,3,1,0,2,2023-12-23 04:48:10,2023,12
6,24,INC48021591,"166,126,616",27,"6,842,456,985","6,016,140,447","52,728,392","-99,999",6,3,0,0,1,0,0,7,proceed,cancel,2023-12-27 18:25:48.000,2024-01-04 07:46:32.000,3,3,1,0,2,2023-12-22 20:32:00,2023,12
6,31,INC48019652,"166,126,616",122,"5,703,041,244","5,749,534,622","52,728,391","414,111,943",10,3,0,0,1,1,0,13,proceed,cancel,2024-02-01 18:47:49.000,2024-02-09 07:47:17.000,3,3,1,0,2,2023-12-22 16:42:47,2023,12
6,24,INC48022316,"166,126,616",51,"6,322,476,655","6,770,881,793","52,728,392","215,070,509",10,3,0,0,1,0,0,6,proceed,cancel,2023-12-27 16:46:52.000,2024-01-04 07:46:32.000,3,3,1,0,2,2023-12-22 22:40:57,2023,12
6,31,INC48019896,"166,126,616",122,"2,438,429,805","2,438,429,805","52,729,432","572,633,435",6,3,0,1,0,0,0,3,proceed,cancel,2023-12-22 17:12:28.000,2023-12-30 07:31:11.000,3,3,1,0,2,2023-12-22 17:10:52,2023,12
6,24,INC48021412,"140,946,784",105,"5,848,267,268","5,848,267,268","61,667,736","-99,999",3,3,0,0,0,0,0,7,proceed,cancel,2023-12-22 22:23:14.000,2023-12-30 07:29:14.000,3,3,1,0,2,2023-12-22 20:08:09,2023,12
6,24,INC48023041,"140,946,784",105,"5,848,267,268","5,848,267,268","76,615,600","-99,999",3,3,0,0,0,0,0,13,proceed,cancel,2024-01-10 19:12:46.000,2024-01-18 08:14:15.000,3,3,1,0,2,2023-12-23 03:33:56,2023,12
6,31,INC48020122,"166,126,616",16,"5,703,040,664","5,703,038,618","52,728,391","215,027,200",10,5,0,0,1,1,0,4,proceed,cancel,2024-01-26 13:41:04.000,2024-02-03 07:55:29.000,3,3,1,0,2,2023-12-22 17:35:09,2023,12
6,24,INC48019664,"266,226,194",121,"6,264,845,105","6,264,845,105","103,974,889","569,280,921",6,3,0,1,0,1,0,5,proceed,cancel,2023-12-22 16:47:15.000,2023-12-26 09:09:00.000,3,3,1,0,2,2023-12-22 16:43:58,2023,12
6,24,INC48017283,"140,946,784",105,"5,848,267,268","5,848,267,268","80,859,673","-99,999",3,3,0,0,0,0,0,16,proceed,cancel,2023-12-22 15:23:13.000,2023-12-26 16:18:23.000,3,3,1,0,2,2023-12-22 11:17:18,2023,12
6,24,INC48023522,"266,226,194",121,"6,304,994,586","6,304,994,586","103,974,889","569,280,921",6,3,0,1,0,1,0,5,proceed,cancel,2023-12-23 08:23:07.000,2023-12-27 08:34:29.000,3,3,1,0,2,2023-12-23 08:19:51,2023,12
6,24,INC48023052,"140,946,784",105,"5,848,267,268","5,848,267,268","76,615,600","-99,999",3,3,0,0,0,0,0,9,proceed,cancel,2024-01-10 17:12:49.000,2024-01-18 08:14:24.000,3,3,1,0,2,2023-12-23 03:35:01,2023,12
6,24,INC48023051,"140,946,784",105,"5,848,267,268","5,848,267,268","76,615,600","-99,999",3,3,0,0,0,0,0,13,proceed,cancel,2024-01-10 19:43:34.000,2024-01-18 08:14:23.000,3,3,1,0,2,2023-12-23 03:34:58,2023,12
6,24,INC48024644,"140,946,784",105,"5,848,267,268","5,848,267,268","76,615,600","-99,999",3,3,0,0,0,0,0,31,proceed,cancel,2023-12-25 22:23:13.000,2023-12-26 07:53:37.000,3,3,1,0,2,2023-12-23 17:03:23,2023,12
6,24,INC48024040,"266,226,194",121,"6,304,994,586","6,838,119,269","103,974,889","569,280,921",6,3,0,1,2,1,0,22,proceed,cancel,2023-12-26 16:31:49.000,2023-12-30 07:38:29.000,3,3,1,0,2,2023-12-23 12:56:45,2023,12
6,24,INC48023045,"140,946,784",105,"5,848,267,268","5,848,267,268","76,615,600","-99,999",3,3,0,0,0,0,0,9,proceed,cancel,2024-01-10 17:12:42.000,2024-01-18 08:14:18.000,3,3,1,0,2,2023-12-23 03:34:02,2023,12
6,24,INC48023047,"140,946,784",105,"5,848,267,268","5,848,267,268","76,615,600","-99,999",3,3,0,0,0,0,0,9,proceed,cancel,2024-01-10 17:12:43.000,2024-01-18 08:14:20.000,3,3,1,0,2,2023-12-23 03:34:05,2023,12
6,24,INC48024649,"140,946,784",105,"5,848,267,268","5,848,267,268","76,615,600","-99,999",3,3,0,0,0,0,0,9,proceed,cancel,2023-12-23 18:23:14.000,2023-12-26 07:53:36.000,3,3,1,0,2,2023-12-23 17:03:59,2023,12
6,24,INC48019011,"266,226,194",121,"6,264,845,105","6,264,845,105","103,974,889","569,465,840",6,3,0,1,0,1,0,10,proceed,cancel,2023-12-22 15:48:35.000,2023-12-26 09:08:58.000,3,3,1,0,2,2023-12-22 15:43:46,2023,12
6,24,INC48025611,"140,946,784",105,"5,848,267,268","5,848,267,268","61,667,736","-99,999",3,3,0,0,0,0,0,7,proceed,cancel,2023-12-23 23:53:14.000,2023-12-31 07:27:53.000,3,3,1,0,2,2023-12-23 22:51:45,2023,12
6,24,INC48023037,"140,946,784",105,"5,848,267,268","5,848,267,268","76,615,600","-99,999",3,3,0,0,0,0,0,13,proceed,cancel,2024-01-10 17:12:42.000,2024-01-18 08:14:11.000,3,3,1,0,2,2023-12-23 03:33:50,2023,12
6,24,INC48018591,"140,946,784",105,"5,848,267,268","5,848,267,268","61,667,736","-99,999",3,5,0,0,0,0,0,5,proceed,cancel,2023-12-22 16:23:14.000,2023-12-23 08:37:11.000,3,3,1,0,2,2023-12-22 14:58:56,2023,12
6,31,INC48022752,"266,226,194",52,"6,799,802,581","6,838,119,269","103,974,889","569,280,921",6,3,0,1,2,1,0,14,proceed,cancel,2023-12-27 16:54:00.000,2023-12-31 07:32:14.000,3,3,1,0,2,2023-12-23 01:15:59,2023,12
6,24,INC48022892,"166,126,616",121,"6,842,456,985","5,703,040,455","52,728,392","572,718,158",6,3,0,0,1,0,0,5,proceed,cancel,2023-12-26 20:17:41.000,2024-01-03 07:56:03.000,3,3,1,0,2,2023-12-23 02:19:31,2023,12
6,24,INC48024677,"140,946,784",105,"5,848,267,268","5,848,267,268","76,615,600","-99,999",3,3,0,0,0,0,0,7,proceed,cancel,2023-12-23 18:23:14.000,2023-12-26 16:24:05.000,3,3,1,0,2,2023-12-23 17:12:33,2023,12
6,24,INC48026202,"140,946,784",105,"5,848,267,268","5,848,267,268","76,615,600","-99,999",3,5,0,0,0,0,0,9,proceed,cancel,2023-12-24 07:23:13.000,2023-12-24 16:15:33.000,3,3,1,0,2,2023-12-24 06:06:53,2023,12
6,24,INC48023046,"140,946,784",105,"5,848,267,268","5,848,267,268","76,615,600","-99,999",3,3,0,0,0,0,0,9,proceed,cancel,2024-01-10 17:12:51.000,2024-01-18 08:14:19.000,3,3,1,0,2,2023-12-23 03:34:03,2023,12
6,24,INC48023048,"140,946,784",105,"5,848,267,268","5,848,267,268","76,615,600","-99,999",3,3,0,0,0,0,0,9,proceed,cancel,2024-01-10 23:12:32.000,2024-01-18 08:14:21.000,3,3,1,0,2,2023-12-23 03:34:06,2023,12
6,24,INC48024648,"140,946,784",105,"5,848,267,268","-99,999","76,615,600","-99,999",3,3,0,0,0,0,0,9,proceed,cancel,2023-12-26 07:53:41.000,2024-01-28 08:23:41.000,3,3,1,0,2,2023-12-23 17:03:57,2023,12
6,24,INC48024639,"140,946,784",105,"5,848,267,268","5,848,267,268","76,615,600","-99,999",3,5,0,0,0,0,0,9,proceed,cancel,2023-12-23 18:23:14.000,2023-12-26 07:53:43.000,3,3,1,0,2,2023-12-23 17:01:44,2023,12
6,24,INC48026212,"140,946,784",105,"5,848,267,268","6,345,982,539","76,615,600","-99,999",3,3,0,0,0,0,0,6,proceed,cancel,2023-12-24 16:14:46.000,2023-12-24 16:15:34.000,3,3,1,0,2,2023-12-24 06:19:33,2023,12
6,24,INC48024893,"166,126,616",27,"6,159,724,047","5,703,040,455","52,728,392","571,303,354",10,5,0,0,1,0,0,9,proceed,cancel,2023-12-26 20:39:54.000,2024-01-03 07:56:03.000,2,3,1,0,2,2023-12-23 18:23:52,2023,12
6,24,INC48018397,"140,946,784",105,"5,848,267,268","5,848,267,268","76,615,600","-99,999",3,3,0,0,0,0,0,7,proceed,cancel,2023-12-22 15:53:13.000,2023-12-26 16:23:59.000,3,3,1,0,2,2023-12-22 14:37:21,2023,12
6,24,INC48021675,"166,126,616",51,"5,882,166,307","5,703,040,455","52,728,392","571,471,454",10,3,0,0,1,1,0,8,proceed,cancel,2023-12-26 20:08:01.000,2024-01-03 07:56:03.000,3,3,1,0,2,2023-12-22 20:42:55,2023,12
6,31,INC48019007,"166,126,616",16,"6,322,477,037","541,413","52,729,432","413,902,537",10,3,0,1,0,1,0,25,proceed,cancel,2024-01-02 18:33:18.000,2024-01-10 09:17:29.000,3,3,1,0,2,2023-12-22 15:43:26,2023,12
6,24,INC48024620,"140,946,784",105,"5,848,267,268","5,848,267,268","76,615,600","-99,999",3,5,0,0,0,0,0,9,proceed,cancel,2023-12-23 18:23:13.000,2023-12-26 07:53:33.000,3,3,1,0,2,2023-12-23 16:55:58,2023,12
6,24,INC48021073,"266,226,194",121,"6,264,845,105","6,817,329,706","103,830,082","569,288,150",6,3,0,0,1,1,0,14,proceed,cancel,2023-12-26 17:32:45.000,2023-12-30 07:38:28.000,3,3,1,0,2,2023-12-22 19:26:06,2023,12
6,25,INC48020549,"166,126,616",63,"6,816,701,351","6,816,701,351","52,729,432","571,333,591",6,3,0,1,0,0,0,4,proceed,cancel,2023-12-22 18:27:16.000,2023-12-30 07:31:11.000,3,3,1,0,2,2023-12-22 18:22:54,2023,12
6,24,INC48018592,"140,946,784",105,"5,848,267,268","5,848,267,268","61,667,736","-99,999",3,5,0,0,0,0,0,5,proceed,cancel,2023-12-22 16:23:14.000,2023-12-23 08:37:10.000,3,3,1,0,2,2023-12-22 14:58:58,2023,12
6,24,INC48025413,"166,126,616",121,"6,842,456,985","6,197,463,044","52,728,393","215,113,884",6,5,0,0,1,1,0,7,proceed,cancel,2024-01-01 18:44:38.000,2024-01-09 09:18:30.000,2,3,1,0,2,2023-12-23 21:21:04,2023,12
6,31,INC48019391,"266,226,194",16,"3,790,156,078","6,264,845,105","103,974,889","569,280,921",4,3,0,1,0,1,0,11,proceed,cancel,2023-12-22 16:39:50.000,2023-12-26 09:08:59.000,3,3,1,0,2,2023-12-22 16:19:37,2023,12
6,24,INC48024651,"140,946,784",105,"5,848,267,268","5,848,267,268","76,615,600","-99,999",3,3,0,0,0,0,0,9,proceed,cancel,2023-12-23 18:23:14.000,2023-12-26 07:53:32.000,3,3,1,0,2,2023-12-23 17:04:02,2023,12
6,24,INC48024631,"140,946,784",105,"5,848,267,268","-99,999","61,667,736","-99,999",3,3,0,0,0,0,0,22,proceed,cancel,2023-12-26 07:53:37.000,2024-01-18 08:14:29.000,3,3,1,0,2,2023-12-23 17:00:23,2023,12
6,24,INC48025371,"266,226,194",51,"6,251,464,626","6,838,119,269","103,974,889","569,484,641",2,3,0,1,0,1,0,9,proceed,cancel,2023-12-26 15:01:59.000,2023-12-30 07:38:31.000,3,3,1,0,2,2023-12-23 21:12:43,2023,12
6,24,INC48024643,"140,946,784",105,"5,848,267,268","5,848,267,268","76,615,600","-99,999",3,3,0,0,0,0,0,11,proceed,cancel,2023-12-23 20:53:13.000,2023-12-26 07:53:39.000,3,3,1,0,2,2023-12-23 17:02:43,2023,12
6,31,INC48020022,"166,126,616",122,"6,278,128,007","541,413","52,729,432","572,579,224",10,3,0,1,0,1,0,12,proceed,cancel,2023-12-29 16:18:22.000,2024-01-06 07:41:07.000,3,3,1,0,2,2023-12-22 17:23:21,2023,12
6,24,INC48024655,"140,946,784",105,"5,848,267,268","5,848,267,268","76,615,600","-99,999",3,3,0,0,0,0,0,17,proceed,cancel,2023-12-23 19:23:13.000,2023-12-26 07:53:30.000,3,3,1,0,2,2023-12-23 17:04:08,2023,12
6,31,INC48026022,"166,126,616",28,"6,343,571,534","5,703,040,455","52,728,392","333,108,108",6,3,0,0,1,1,0,5,proceed,cancel,2023-12-26 21:05:08.000,2024-01-03 07:56:04.000,3,3,1,0,2,2023-12-24 03:15:20,2023,12
6,24,INC48019249,"140,946,784",105,"5,848,267,268","5,848,267,268","76,615,600","-99,999",3,3,0,0,0,0,0,7,proceed,cancel,2023-12-22 17:53:13.000,2023-12-26 16:24:08.000,3,3,1,0,2,2023-12-22 16:05:43,2023,12
6,31,INC48024859,"166,126,616",16,"5,707,698,880","5,703,040,921","67,354,644","-99,999",10,3,0,0,1,0,0,3,proceed,cancel,2024-01-31 18:37:23.000,2024-02-08 08:33:53.000,3,3,1,0,2,2023-12-23 18:09:19,2023,12
6,24,INC48025894,"166,126,616",51,"5,882,166,373","6,770,881,793","52,728,392","572,656,576",10,3,0,0,1,0,0,9,proceed,cancel,2024-01-04 22:28:11.000,2024-01-12 08:00:43.000,3,3,1,0,2,2023-12-24 01:30:51,2023,12
6,31,INC48016920,"140,946,784",16,"6,293,179,578","305,267","41,927,742","-99,999",10,3,0,0,2,0,0,26,proceed,cancel,2024-01-31 15:15:04.000,2024-02-08 07:48:32.000,3,3,1,0,2,2023-12-22 07:39:50,2023,12
6,24,INC48018157,"166,126,616",121,"6,026,174,636","5,703,040,455","52,728,392","414,126,732",10,3,0,0,1,0,0,11,proceed,cancel,2023-12-26 20:05:16.000,2024-01-03 07:56:02.000,3,3,1,0,2,2023-12-22 14:11:58,2023,12
6,24,INC48022150,"140,946,784",105,"5,848,267,268","5,848,267,268","80,859,673","-99,999",3,3,0,0,0,0,0,65,proceed,cancel,2023-12-23 05:53:13.000,2023-12-26 16:18:39.000,3,3,1,0,2,2023-12-22 22:05:29,2023,12
6,24,INC48022756,"140,946,784",105,"5,848,267,268","5,848,267,268","80,859,673","-99,999",3,3,0,0,0,0,0,11,proceed,cancel,2023-12-23 03:23:14.000,2023-12-26 16:18:04.000,3,3,1,0,2,2023-12-23 01:17:28,2023,12
6,31,INC48019110,"166,126,616",16,"5,788,662,921","6,877,023,618","52,728,391","571,363,331",10,3,0,0,1,0,0,5,proceed,cancel,2023-12-28 14:54:33.000,2024-01-05 07:21:54.000,3,3,1,0,2,2023-12-22 15:51:55,2023,12
6,24,INC48023056,"140,946,784",105,"5,848,267,268","5,848,267,268","76,615,600","-99,999",3,3,0,0,0,0,0,9,proceed,cancel,2024-01-10 19:43:34.000,2024-01-18 08:14:28.000,3,3,1,0,2,2023-12-23 03:35:13,2023,12
6,24,INC48009010,"140,946,784",105,"5,848,267,268","5,848,267,268","76,615,600","-99,999",3,3,0,0,0,0,0,12,proceed,cancel,2023-12-21 21:53:14.000,2023-12-29 07:21:24.000,3,3,1,0,2,2023-12-21 12:31:05,2023,12
6,24,INC48010555,"140,946,784",105,"5,848,267,268","5,848,267,268","80,859,673","-99,999",3,3,0,0,0,0,0,38,proceed,cancel,2023-12-21 18:53:14.000,2023-12-26 16:17:36.000,3,3,1,0,2,2023-12-21 14:56:55,2023,12
6,31,INC48013040,"166,126,616",122,"6,278,127,825","2,438,429,805","52,729,432","216,494,935",10,3,0,1,0,1,0,2,proceed,cancel,2023-12-21 17:57:55.000,2023-12-29 07:25:38.000,3,3,1,0,2,2023-12-21 17:56:09,2023,12
6,24,INC48022748,"140,946,784",105,"5,848,267,268","5,848,267,268","76,615,600","-99,999",3,3,0,0,0,0,0,7,proceed,cancel,2023-12-23 02:53:13.000,2023-12-26 16:24:04.000,3,3,1,0,2,2023-12-23 01:14:39,2023,12
6,24,INC48008911,"140,946,784",105,"5,848,267,268","5,848,267,268","80,859,673","-99,999",3,3,0,0,0,0,0,16,proceed,cancel,2023-12-21 17:23:13.000,2023-12-26 16:18:24.000,3,3,1,0,2,2023-12-21 12:04:55,2023,12
6,31,INC48016370,"266,226,194",122,"3,790,156,078","6,817,329,706","103,830,082","569,393,051",10,3,0,0,1,1,0,9,proceed,cancel,2023-12-26 17:24:21.000,2023-12-30 07:38:27.000,3,3,1,0,2,2023-12-22 01:43:24,2023,12
6,24,INC48015903,"140,946,784",105,"5,848,267,268","5,848,267,268","80,859,673","-99,999",3,3,0,0,0,0,0,8,proceed,cancel,2023-12-22 00:23:14.000,2023-12-29 07:21:30.000,3,3,1,0,2,2023-12-21 23:19:37,2023,12
6,24,INC48024042,"266,226,194",121,"6,200,018,870","6,817,328,029","103,830,082","569,338,790",6,3,0,1,1,1,0,14,proceed,cancel,2023-12-26 13:02:32.000,2023-12-30 07:38:30.000,3,3,1,0,2,2023-12-23 12:57:30,2023,12
6,24,INC48017963,"266,226,194",121,"6,264,845,105","6,264,845,105","103,974,889","569,280,921",6,3,0,1,0,1,0,5,proceed,cancel,2023-12-22 13:47:57.000,2023-12-26 09:08:58.000,3,3,1,0,2,2023-12-22 13:44:24,2023,12
6,24,INC48024647,"140,946,784",105,"5,848,267,268","5,848,267,268","76,615,600","-99,999",3,3,0,0,0,0,0,9,proceed,cancel,2023-12-23 18:23:14.000,2023-12-26 07:53:34.000,3,3,1,0,2,2023-12-23 17:03:56,2023,12
6,31,INC48020330,"166,126,616",16,"6,816,701,351","5,703,041,013","52,728,393","215,117,249",6,3,0,0,1,1,0,9,proceed,cancel,2023-12-28 02:23:06.000,2024-01-04 07:46:31.000,3,3,1,0,2,2023-12-22 17:58:45,2023,12
6,24,INC48023279,"140,946,784",105,"5,848,267,268","5,848,267,268","80,859,673","-99,999",3,3,0,0,0,0,0,53,proceed,cancel,2023-12-23 10:53:13.000,2023-12-26 16:18:20.000,3,3,1,0,2,2023-12-23 06:01:30,2023,12
6,24,INC48023038,"140,946,784",105,"5,848,267,268","5,848,267,268","76,615,600","-99,999",3,3,0,0,0,0,0,9,proceed,cancel,2024-01-10 17:12:39.000,2024-01-18 08:14:12.000,3,3,1,0,2,2023-12-23 03:33:51,2023,12
6,25,INC48021663,"166,126,616",63,"5,703,040,230","6,842,456,985","52,729,432","215,117,249",10,3,0,1,0,1,0,7,proceed,cancel,2023-12-22 21:09:07.000,2023-12-30 07:31:12.000,3,3,1,0,2,2023-12-22 20:41:02,2023,12
6,31,INC48022677,"166,126,616",16,"5,703,040,903","5,703,041,013","52,728,393","215,117,249",10,3,0,0,1,1,0,9,proceed,cancel,2023-12-28 02:14:47.000,2024-01-04 07:46:32.000,3,3,1,0,2,2023-12-23 00:41:28,2023,12
6,24,INC48021252,"140,946,784",105,"5,848,267,268","5,848,267,268","76,615,600","-99,999",3,3,0,0,0,0,0,7,proceed,cancel,2023-12-22 21:23:13.000,2023-12-26 16:24:09.000,3,3,1,0,2,2023-12-22 19:50:12,2023,12
6,24,INC48024645,"140,946,784",105,"5,848,267,268","-99,999","76,615,600","-99,999",3,3,0,0,0,0,0,8,proceed,cancel,2023-12-26 07:53:38.000,2024-01-28 08:23:41.000,3,3,1,0,2,2023-12-23 17:03:52,2023,12
6,24,INC48023054,"140,946,784",105,"5,848,267,268","5,848,267,268","76,615,600","-99,999",3,3,0,0,0,0,0,9,proceed,cancel,2024-01-10 19:43:22.000,2024-01-18 08:14:26.000,3,3,1,0,2,2023-12-23 03:35:07,2023,12
6,24,INC48026081,"166,126,616",121,"6,860,697,635","5,703,041,013","52,728,393","215,157,251",10,3,0,0,1,1,0,7,proceed,cancel,2023-12-28 02:35:56.000,2024-01-04 07:46:33.000,3,3,1,0,2,2023-12-24 04:12:18,2023,12
6,24,INC48022754,"140,946,784",105,"5,848,267,268","5,848,267,268","80,859,673","-99,999",3,3,0,0,0,0,0,11,proceed,cancel,2023-12-23 22:23:13.000,2024-01-03 07:24:01.000,3,3,1,0,2,2023-12-23 01:16:49,2023,12
6,31,INC48024711,"166,126,616",16,"6,283,295,059","6,816,701,351","52,729,432","571,456,467",6,3,0,1,0,0,0,9,proceed,cancel,2023-12-23 18:15:34.000,2023-12-31 07:28:39.000,3,3,1,0,2,2023-12-23 17:25:22,2023,12
6,24,INC48021905,"140,946,784",105,"5,848,267,268","5,848,267,268","76,615,600","-99,999",3,5,0,0,0,0,0,23,proceed,cancel,2023-12-24 22:23:13.000,2023-12-26 16:24:01.000,3,3,1,0,2,2023-12-22 21:18:10,2023,12
6,24,INC48023053,"140,946,784",105,"5,848,267,268","5,848,267,268","76,615,600","-99,999",3,3,0,0,0,0,0,9,proceed,cancel,2024-01-10 17:12:50.000,2024-01-18 08:14:25.000,3,3,1,0,2,2023-12-23 03:35:04,2023,12
6,24,INC48023042,"140,946,784",105,"5,848,267,268","5,848,267,268","76,615,600","-99,999",3,3,0,0,0,0,0,9,proceed,cancel,2024-01-10 17:12:38.000,2024-01-18 08:14:16.000,3,3,1,0,2,2023-12-23 03:33:57,2023,12
6,24,INC48024652,"140,946,784",105,"5,848,267,268","5,848,267,268","76,615,600","-99,999",3,3,0,0,0,0,0,9,proceed,cancel,2023-12-23 18:23:14.000,2023-12-26 07:53:29.000,3,3,1,0,2,2023-12-23 17:04:03,2023,12
6,24,INC48022192,"166,126,616",121,"6,842,456,985","6,842,456,985","52,729,432","572,717,939",2,3,0,1,0,0,0,4,proceed,cancel,2023-12-22 22:20:26.000,2023-12-30 07:31:12.000,3,3,1,0,2,2023-12-22 22:13:52,2023,12
6,24,INC48025613,"140,946,784",105,"5,848,267,268","5,848,267,268","61,667,736","-99,999",3,5,0,0,0,0,0,12,proceed,cancel,2023-12-24 00:23:14.000,2023-12-31 07:27:54.000,3,3,1,0,2,2023-12-23 22:52:12,2023,12
6,24,INC48017097,"266,226,194",121,"3,790,156,078","6,867,816,743","103,830,082","569,262,527",10,3,0,1,1,1,0,51,proceed,cancel,2024-01-23 16:23:28.000,2024-01-27 07:53:53.000,3,3,1,0,2,2023-12-22 09:40:49,2023,12
6,24,INC48021904,"140,946,784",105,"5,848,267,268","5,848,267,268","80,859,673","-99,999",3,5,0,0,0,0,0,7,proceed,cancel,2023-12-23 02:23:13.000,2023-12-26 16:24:15.000,3,3,1,0,2,2023-12-22 21:18:09,2023,12
6,24,INC48024656,"140,946,784",105,"5,848,267,268","5,848,267,268","76,615,600","-99,999",3,3,0,0,0,0,0,9,proceed,cancel,2023-12-23 18:23:14.000,2023-12-26 07:53:28.000,3,3,1,0,2,2023-12-23 17:04:09,2023,12
6,24,INC48023044,"140,946,784",105,"5,848,267,268","5,848,267,268","76,615,600","-99,999",3,3,0,0,0,0,0,9,proceed,cancel,2024-01-10 19:12:57.000,2024-01-18 08:14:18.000,3,3,1,0,2,2023-12-23 03:34:00,2023,12
6,31,INC48025887,"166,126,616",122,"5,882,166,373","5,703,040,921","52,728,392","215,097,313",10,3,0,0,1,1,0,7,proceed,cancel,2023-12-29 12:53:45.000,2024-01-06 07:41:07.000,3,3,1,0,2,2023-12-24 01:25:49,2023,12
6,24,INC48024654,"140,946,784",105,"5,848,267,268","5,848,267,268","76,615,600","-99,999",3,3,0,0,0,0,0,9,proceed,cancel,2023-12-23 18:23:14.000,2023-12-26 07:53:40.000,3,3,1,0,2,2023-12-23 17:04:06,2023,12
6,24,INC48024653,"140,946,784",105,"5,848,267,268","5,848,267,268","76,615,600","-99,999",3,3,0,0,0,0,0,9,proceed,cancel,2023-12-23 18:23:14.000,2023-12-26 07:53:31.000,3,3,1,0,2,2023-12-23 17:04:05,2023,12
6,24,INC48020325,"266,226,194",51,"3,790,156,078","6,264,845,105","103,974,889","569,316,741",4,3,0,1,0,1,0,19,proceed,cancel,2023-12-26 16:01:45.000,2023-12-30 07:38:28.000,3,3,1,0,2,2023-12-22 17:58:16,2023,12
6,24,INC48018812,"140,946,784",105,"5,848,267,268","5,848,267,268","80,859,673","-99,999",3,3,0,0,0,0,0,32,proceed,cancel,2023-12-22 18:53:14.000,2023-12-26 16:18:25.000,3,3,1,0,2,2023-12-22 15:22:11,2023,12
6,24,INC48023043,"140,946,784",105,"5,848,267,268","5,848,267,268","76,615,600","-99,999",3,3,0,0,0,0,0,9,proceed,cancel,2024-01-10 17:12:46.000,2024-01-18 08:14:17.000,3,3,1,0,2,2023-12-23 03:33:59,2023,12
6,24,INC48021013,"266,226,194",121,"6,264,845,105","6,264,845,105","103,974,889","569,265,189",6,3,0,1,0,1,0,12,proceed,cancel,2023-12-22 20:15:37.000,2023-12-26 09:09:00.000,3,3,1,0,2,2023-12-22 19:17:42,2023,12
6,24,INC48020046,"140,946,784",105,"5,848,267,268","5,848,267,268","80,859,673","-99,999",3,3,0,0,0,0,0,16,proceed,cancel,2023-12-22 19:23:13.000,2023-12-26 16:18:12.000,3,3,1,0,2,2023-12-22 17:25:30,2023,12
6,24,INC48023730,"266,226,194",121,"6,200,018,870","6,200,018,870","103,974,889","569,471,010",6,3,0,1,0,0,0,7,proceed,cancel,2023-12-23 10:28:59.000,2023-12-27 08:34:29.000,3,3,1,0,2,2023-12-23 10:11:38,2023,12
6,24,INC48023036,"140,946,784",105,"5,848,267,268","5,848,267,268","76,615,600","-99,999",3,3,0,0,0,0,0,9,proceed,cancel,2024-01-10 19:43:11.000,2024-01-18 08:14:10.000,3,3,1,0,2,2023-12-23 03:33:48,2023,12
6,24,INC48025760,"166,126,616",51,"5,703,038,297","5,703,040,455","52,728,392","572,610,321",10,3,0,0,1,0,0,7,proceed,cancel,2023-12-26 21:02:48.000,2024-01-03 07:56:04.000,3,3,1,0,2,2023-12-24 00:14:18,2023,12
6,24,INC48023055,"140,946,784",105,"5,848,267,268","5,848,267,268","76,615,600","-99,999",3,3,0,0,0,0,0,9,proceed,cancel,2024-01-10 17:12:51.000,2024-01-18 08:14:27.000,3,3,1,0,2,2023-12-23 03:35:09,2023,12
6,31,INC48016881,"140,946,784",16,"6,293,179,578","5,916,170,592","76,615,600","-99,999",10,3,0,0,1,0,0,15,proceed,cancel,2023-12-28 04:36:32.000,2023-12-28 04:36:50.000,3,3,1,0,2,2023-12-22 06:59:13,2023,12
6,31,INC48018988,"166,126,616",16,"6,278,127,732","5,703,038,618","52,728,391","215,090,643",10,3,0,0,1,1,0,7,proceed,cancel,2023-12-22 15:57:52.000,2023-12-30 07:31:11.000,3,3,1,0,2,2023-12-22 15:40:55,2023,12
6,24,INC48016081,"140,946,784",105,"5,848,267,268","5,848,267,268","61,667,736","-99,999",3,3,0,0,0,0,0,7,proceed,cancel,2023-12-22 17:23:13.000,2023-12-29 07:21:35.000,3,3,1,0,2,2023-12-22 00:15:06,2023,12
6,24,INC48022768,"140,946,784",105,"5,848,267,268","5,848,267,268","80,859,673","-99,999",3,3,0,0,0,0,0,12,proceed,cancel,2023-12-23 02:53:13.000,2023-12-26 16:17:45.000,3,3,1,0,2,2023-12-23 01:21:28,2023,12
6,24,INC48020859,"166,126,616",121,"6,860,697,635","6,322,476,946","52,729,065","572,563,904",10,3,0,0,1,1,0,8,proceed,cancel,2024-01-02 17:02:32.000,2024-01-10 09:17:29.000,3,3,1,0,2,2023-12-22 18:56:54,2023,12
6,24,INC48023040,"140,946,784",105,"5,848,267,268","5,848,267,268","76,615,600","-99,999",3,3,0,0,0,0,0,9,proceed,cancel,2024-01-10 19:12:56.000,2024-01-18 08:14:14.000,3,3,1,0,2,2023-12-23 03:33:54,2023,12
6,31,INC48008486,"140,946,784",16,"6,293,179,578","6,293,179,578","76,615,600","-99,999",10,3,0,0,3,0,0,18,proceed,cancel,2023-12-27 06:20:14.000,2023-12-27 06:20:37.000,3,3,1,0,2,2023-12-21 08:34:13,2023,12
6,24,INC48023049,"140,946,784",105,"5,848,267,268","5,848,267,268","76,615,600","-99,999",3,3,0,0,0,0,0,9,proceed,cancel,2024-01-10 19:43:34.000,2024-01-18 08:14:22.000,3,3,1,0,2,2023-12-23 03:34:08,2023,12
6,24,INC48016125,"140,946,784",105,"5,848,267,268","5,848,267,268","80,859,673","-99,999",3,3,0,0,0,0,0,12,proceed,cancel,2023-12-22 05:53:14.000,2023-12-26 16:18:17.000,3,3,1,0,2,2023-12-22 00:25:17,2023,12
6,31,INC48019811,"166,126,616",122,"5,703,041,132","6,016,140,447","52,728,392","333,108,108",10,3,0,0,1,1,0,11,proceed,cancel,2023-12-23 04:25:58.000,2023-12-30 07:31:11.000,3,3,1,0,2,2023-12-22 17:02:00,2023,12
6,24,INC48022401,"140,946,784",105,"5,848,267,268","5,848,267,268","61,667,736","-99,999",3,3,0,0,0,0,0,9,proceed,cancel,2023-12-26 10:53:13.000,2024-01-03 07:24:00.000,3,3,1,0,2,2023-12-22 23:03:48,2023,12
6,24,INC48022151,"140,946,784",105,"5,848,267,268","5,848,267,268","80,859,673","-99,999",3,3,0,0,0,0,0,12,proceed,cancel,2023-12-23 05:53:13.000,2023-12-26 16:17:42.000,3,3,1,0,2,2023-12-22 22:05:32,2023,12
6,24,INC48019449,"266,226,194",121,"6,264,845,105","6,264,845,105","103,974,889","569,465,840",6,3,0,1,0,1,0,7,proceed,cancel,2023-12-22 16:34:46.000,2023-12-26 09:08:59.000,3,3,1,0,2,2023-12-22 16:24:56,2023,12
6,24,INC48016078,"140,946,784",105,"5,848,267,268","-99,999","80,859,673","-99,999",3,3,0,0,0,0,0,49,proceed,cancel,2023-12-26 16:18:14.000,2024-01-18 08:14:10.000,3,3,1,0,2,2023-12-22 00:13:11,2023,12
6,24,INC48022239,"166,126,616",121,"6,842,456,985","5,703,037,892","52,728,393","215,070,509",2,3,0,0,1,0,0,7,proceed,cancel,2023-12-29 19:06:06.000,2024-01-06 07:41:07.000,3,3,1,0,2,2023-12-22 22:21:05,2023,12
6,24,INC47931538,"266,226,194",121,"3,790,156,078","6,264,845,105","103,974,889","569,280,921",10,3,0,1,0,1,0,23,proceed,cancel,2023-12-12 14:26:20.000,2023-12-16 08:02:14.000,3,3,1,0,2,2023-12-11 20:42:08,2023,12
6,24,INC47925291,"266,226,194",51,"6,838,119,269","6,838,119,269","103,974,889","569,309,093",6,3,0,1,0,1,0,5,proceed,cancel,2023-12-11 15:14:08.000,2023-12-15 07:59:29.000,3,3,1,0,2,2023-12-11 15:08:48,2023,12
6,24,INC47924810,"266,226,194",121,"3,790,156,078","6,264,845,105","103,974,889","569,280,795",10,3,0,1,0,1,0,26,proceed,cancel,2023-12-11 16:49:01.000,2023-12-15 07:59:28.000,3,3,1,0,2,2023-12-11 14:38:59,2023,12
6,31,INC47928056,"166,126,616",122,"5,703,040,230","5,802,727,114","52,728,393","575,972,787",10,3,0,0,1,1,0,8,proceed,cancel,2023-12-12 16:07:50.000,2023-12-20 08:26:36.000,3,3,1,0,2,2023-12-11 17:02:19,2023,12
6,24,INC47923592,"140,946,784",105,"5,848,267,268","5,848,267,268","76,615,600","-99,999",3,3,0,0,0,0,0,7,proceed,cancel,2023-12-11 15:23:49.000,2023-12-19 03:54:48.000,3,3,1,0,2,2023-12-11 13:03:16,2023,12
6,31,INC47924704,"266,226,194",52,"6,867,816,819","6,867,816,819","103,830,082","569,415,657",7,3,0,0,1,1,0,8,proceed,cancel,2023-12-11 20:16:45.000,2023-12-15 07:59:26.000,3,3,1,0,2,2023-12-11 14:32:43,2023,12
6,24,INC47929862,"266,226,194",121,"3,790,156,078","6,817,329,706","103,830,082","569,249,758",4,3,0,0,1,1,0,12,proceed,cancel,2023-12-12 19:12:56.000,2023-12-16 08:02:13.000,3,3,1,0,2,2023-12-11 18:40:23,2023,12
6,24,INC47932764,"140,946,784",105,"5,848,267,268","5,848,267,268","76,615,600","-99,999",3,3,0,0,0,0,0,8,proceed,cancel,2023-12-11 23:53:15.000,2023-12-21 07:41:01.000,3,3,1,0,2,2023-12-11 22:47:10,2023,12
6,24,INC47931485,"140,946,784",105,"5,848,267,268","5,848,267,268","61,667,736","-99,999",3,3,0,0,0,0,0,9,proceed,cancel,2023-12-11 21:53:15.000,2023-12-23 07:39:41.000,3,3,1,0,2,2023-12-11 20:37:08,2023,12
6,24,INC47923455,"266,226,194",121,"3,790,156,078","5,793,903,899","103,974,889","569,373,568",10,3,0,1,0,1,0,15,proceed,cancel,2023-12-14 14:27:28.000,2023-12-15 07:59:37.000,3,3,1,0,2,2023-12-11 12:47:08,2023,12
6,24,INC47922833,"140,946,784",105,"5,848,267,268","5,848,267,268","76,615,600","-99,999",3,3,0,0,0,0,0,9,proceed,cancel,2023-12-11 12:53:14.000,2023-12-12 12:56:28.000,3,3,1,0,2,2023-12-11 09:54:47,2023,12
6,31,INC47929112,"166,126,616",122,"6,059,124,548","6,059,124,548","79,181,792","215,117,249",10,3,0,0,1,1,0,3,proceed,cancel,2023-12-11 17:54:56.000,2023-12-19 08:50:46.000,3,3,1,0,2,2023-12-11 17:54:00,2023,12
6,24,INC47923144,"140,946,784",105,"5,848,267,268","5,848,267,268","61,667,736","-99,999",3,3,0,0,0,0,0,9,proceed,cancel,2023-12-11 13:23:14.000,2023-12-19 08:04:22.000,3,3,1,0,2,2023-12-11 11:49:23,2023,12
6,24,INC47924812,"140,946,784",105,"5,848,267,268","5,848,267,268","76,615,600","-99,999",3,3,0,0,0,0,0,7,proceed,cancel,2023-12-11 15:53:13.000,2023-12-19 03:54:43.000,3,3,1,0,2,2023-12-11 14:39:00,2023,12
6,31,INC47929589,"166,126,616",122,"5,882,166,307","5,703,040,921","52,728,392","572,533,105",10,3,0,0,1,0,0,9,proceed,cancel,2023-12-11 20:25:10.000,2023-12-19 08:50:47.000,3,3,1,0,2,2023-12-11 18:23:13,2023,12
6,24,INC47922832,"140,946,784",105,"5,848,267,268","5,848,267,268","76,615,600","-99,999",3,3,0,0,0,0,0,9,proceed,cancel,2023-12-11 12:53:13.000,2023-12-12 12:56:27.000,3,3,1,0,2,2023-12-11 09:53:37,2023,12
6,24,INC47923153,"266,226,194",121,"6,304,994,586","5,793,903,899","103,974,889","569,373,568",2,3,0,1,2,1,0,18,proceed,cancel,2023-12-12 12:55:46.000,2023-12-15 07:59:35.000,3,3,1,0,2,2023-12-11 11:53:02,2023,12
6,24,INC47933948,"166,126,616",121,"3,503,348,459","5,703,041,143","87,971,197","214,720,028",6,3,0,0,1,1,0,5,proceed,cancel,2024-01-25 17:41:12.000,2024-02-02 07:51:31.000,3,3,1,0,2,2023-12-12 04:14:10,2023,12
6,24,INC47923201,"266,226,194",121,"3,790,156,078","5,793,903,899","103,974,889","569,373,568",10,3,0,1,0,1,0,8,proceed,cancel,2023-12-12 13:04:41.000,2023-12-15 07:59:37.000,3,3,1,0,2,2023-12-11 12:05:17,2023,12
6,31,INC47938686,"266,226,194",122,"3,790,156,078","6,817,328,029","103,830,082","569,316,744",4,3,0,1,1,1,0,11,proceed,cancel,2023-12-12 19:41:39.000,2023-12-16 08:02:20.000,3,3,1,0,2,2023-12-12 17:04:55,2023,12
6,24,INC47923950,"266,226,194",121,"3,790,156,078","5,793,903,899","103,974,889","569,373,568",10,3,0,1,0,1,0,14,proceed,cancel,2023-12-12 15:07:31.000,2023-12-15 07:59:39.000,3,3,1,0,2,2023-12-11 13:37:42,2023,12
6,24,INC47926784,"140,946,784",105,"5,848,267,268","5,848,267,268","80,859,673","-99,999",3,3,0,0,0,0,0,7,proceed,cancel,2023-12-11 18:53:14.000,2023-12-19 08:04:23.000,3,3,1,0,2,2023-12-11 16:00:48,2023,12
6,24,INC47934654,"140,946,784",105,"5,848,267,268","5,848,267,268","80,859,673","-99,999",3,3,0,0,0,0,0,7,proceed,cancel,2023-12-12 11:53:14.000,2023-12-20 07:41:50.000,3,3,1,0,2,2023-12-12 10:28:27,2023,12
6,31,INC47934330,"140,946,784",104,"6,213,586,282","6,293,179,578","76,615,600","-99,999",10,3,0,0,1,0,0,30,proceed,cancel,2023-12-26 05:29:18.000,2023-12-26 05:29:37.000,3,3,1,0,2,2023-12-12 07:51:51,2023,12
6,31,INC47933050,"166,126,616",16,"6,343,571,534","6,343,571,534","52,729,432","571,456,467",6,3,0,1,0,0,0,3,proceed,cancel,2023-12-11 23:37:37.000,2023-12-19 08:50:48.000,3,3,1,0,2,2023-12-11 23:35:29,2023,12
6,24,INC47934724,"140,946,784",105,"5,848,267,268","5,848,267,268","76,615,600","-99,999",3,3,0,0,0,0,0,7,proceed,cancel,2023-12-12 12:23:15.000,2023-12-19 03:54:32.000,3,3,1,0,2,2023-12-12 10:55:18,2023,12
6,24,INC47926841,"140,946,784",105,"5,848,267,268","5,848,267,268","80,859,673","-99,999",3,3,0,0,0,0,0,7,proceed,cancel,2023-12-11 18:53:14.000,2023-12-19 08:04:24.000,3,3,1,0,2,2023-12-11 16:04:51,2023,12
6,24,INC47934660,"140,946,784",105,"5,848,267,268","5,848,267,268","80,859,673","-99,999",3,3,0,0,0,0,0,5,proceed,cancel,2023-12-12 11:53:14.000,2023-12-12 13:02:32.000,3,3,1,0,2,2023-12-12 10:30:28,2023,12
6,24,INC47934794,"140,946,784",105,"5,848,267,268","5,848,267,268","76,615,600","-99,999",3,3,0,0,0,0,0,7,proceed,cancel,2023-12-12 12:53:15.000,2023-12-19 03:54:28.000,3,3,1,0,2,2023-12-12 11:27:19,2023,12
6,24,INC47936987,"140,946,784",105,"5,848,267,268","5,848,267,268","61,667,736","-99,999",3,5,0,0,0,0,0,6,proceed,cancel,2023-12-12 16:23:14.000,2023-12-20 07:41:52.000,3,3,1,0,2,2023-12-12 15:10:50,2023,12
6,25,INC47924945,"266,226,194",63,"6,313,447,475","6,313,447,475","103,974,889","569,393,051",6,3,0,1,0,1,0,4,proceed,cancel,2023-12-11 14:49:34.000,2023-12-15 07:59:28.000,3,3,1,0,2,2023-12-11 14:47:49,2023,12
6,31,INC47933633,"166,126,616",16,"5,796,265,349","6,016,140,447","52,728,392","333,108,108",10,5,0,0,1,1,0,6,proceed,cancel,2023-12-12 15:11:20.000,2023-12-20 08:26:37.000,3,3,1,0,2,2023-12-12 01:52:19,2023,12
6,31,INC47928952,"266,226,194",122,"3,790,156,078","6,264,845,105","103,974,889","569,471,013",10,3,0,1,0,0,0,12,proceed,cancel,2023-12-11 18:37:27.000,2023-12-15 07:59:32.000,3,3,1,0,2,2023-12-11 17:44:32,2023,12
6,24,INC47926310,"166,126,616",121,"6,278,128,230","6,016,140,447","52,728,392","412,084,640",10,5,0,0,3,1,0,10,proceed,cancel,2023-12-18 19:47:45.000,2023-12-26 08:58:05.000,2,3,1,0,2,2023-12-11 15:33:00,2023,12
6,24,INC47944081,"140,946,784",105,"5,848,267,268","5,848,267,268","80,859,673","-99,999",3,3,0,0,0,0,0,7,proceed,cancel,2023-12-13 06:23:14.000,2023-12-14 17:44:01.000,3,3,1,0,2,2023-12-13 05:13:19,2023,12
6,31,INC47927441,"166,126,616",122,"5,992,191,024","5,992,191,024","79,181,792","571,323,435",10,3,0,0,2,1,0,12,proceed,cancel,2024-01-30 19:28:30.000,2024-02-07 09:02:00.000,3,3,1,0,2,2023-12-11 16:37:58,2023,12
6,31,INC47924739,"266,226,194",52,"6,867,816,819","6,867,816,819","103,830,082","569,415,657",7,3,0,0,1,1,0,9,proceed,cancel,2023-12-11 20:16:19.000,2023-12-15 07:59:27.000,3,3,1,0,2,2023-12-11 14:35:14,2023,12
6,31,INC47927250,"166,126,616",16,"5,992,191,024","5,992,191,024","79,181,792","571,323,435",10,3,0,0,2,1,0,11,proceed,cancel,2024-01-30 19:25:53.000,2024-02-07 09:02:00.000,3,3,1,0,2,2023-12-11 16:28:08,2023,12
6,24,INC47931407,"140,946,784",105,"5,848,267,268","5,848,267,268","76,615,600","-99,999",3,3,0,0,0,0,0,8,proceed,cancel,2023-12-11 22:23:15.000,2023-12-21 07:40:59.000,3,3,1,0,2,2023-12-11 20:31:18,2023,12
6,31,INC47928654,"166,126,616",104,"6,059,124,548","6,059,124,548","79,181,792","215,117,249",10,3,0,0,1,1,0,3,proceed,cancel,2023-12-11 17:25:29.000,2023-12-19 08:50:46.000,3,3,1,0,2,2023-12-11 17:23:39,2023,12
6,24,INC47923107,"140,946,784",105,"5,848,267,268","5,848,267,268","61,667,736","-99,999",3,5,0,0,0,0,0,10,proceed,cancel,2023-12-11 13:23:14.000,2023-12-15 10:07:12.000,3,3,1,0,2,2023-12-11 11:43:27,2023,12
6,24,INC47939209,"140,946,784",105,"5,848,267,268","6,218,754,222","76,615,600","-99,999",3,5,0,0,0,0,0,17,proceed,cancel,2023-12-12 20:26:07.000,2023-12-20 07:41:54.000,3,3,1,0,2,2023-12-12 17:43:12,2023,12
6,24,INC47934666,"140,946,784",105,"5,848,267,268","5,848,267,268","80,859,673","-99,999",3,3,0,0,0,0,0,7,proceed,cancel,2023-12-12 11:53:14.000,2023-12-12 13:02:37.000,3,3,1,0,2,2023-12-12 10:31:57,2023,12
6,25,INC47924449,"266,226,194",63,"3,790,156,078","6,838,119,269","103,974,889","569,393,051",10,3,0,1,0,1,0,9,proceed,cancel,2023-12-11 15:16:16.000,2023-12-15 07:59:26.000,3,3,1,0,2,2023-12-11 14:17:27,2023,12
6,24,INC47941460,"140,946,784",105,"5,848,267,268","5,848,267,268","76,615,600","-99,999",3,3,0,0,0,0,0,5,proceed,cancel,2023-12-12 21:23:31.000,2023-12-20 07:41:55.000,3,3,1,0,2,2023-12-12 20:22:29,2023,12
6,24,INC47934217,"140,946,784",105,"5,848,267,268","5,916,170,592","76,615,600","-99,999",3,5,0,0,0,0,0,13,proceed,cancel,2023-12-19 03:33:15.000,2023-12-19 03:33:45.000,3,3,1,0,2,2023-12-12 06:41:57,2023,12
6,24,INC47923488,"266,226,194",121,"6,264,845,105","6,264,845,105","103,974,889","569,373,343",6,3,0,1,0,1,0,6,proceed,cancel,2023-12-11 13:15:49.000,2023-12-15 07:59:22.000,3,3,1,0,2,2023-12-11 12:50:28,2023,12
6,24,INC47922757,"140,946,784",105,"5,848,267,268","5,848,267,268","76,615,600","-99,999",3,5,0,0,0,0,0,10,proceed,cancel,2023-12-11 10:23:13.000,2023-12-19 08:04:13.000,3,3,1,0,2,2023-12-11 08:56:37,2023,12
6,31,INC47927832,"166,126,616",122,"2,438,429,805","2,438,429,805","52,729,432","561,183,411",6,3,0,1,0,1,0,4,proceed,cancel,2023-12-11 17:04:37.000,2023-12-19 08:50:46.000,3,3,1,0,2,2023-12-11 16:57:02,2023,12
6,24,INC47932056,"266,226,194",27,"6,799,802,581","6,817,329,420","103,830,082","569,431,724",6,3,0,0,1,1,0,13,proceed,cancel,2024-01-04 22:29:05.000,2024-01-04 22:29:12.000,3,3,1,0,2,2023-12-11 21:23:26,2023,12
6,31,INC47939368,"266,226,194",122,"6,815,661,982","5,793,903,899","103,974,889","569,357,766",2,3,0,1,0,1,0,4,proceed,cancel,2023-12-12 18:22:36.000,2023-12-16 08:02:22.000,3,3,1,0,2,2023-12-12 17:54:11,2023,12
6,24,INC47923141,"140,946,784",105,"5,848,267,268","5,848,267,268","61,667,736","-99,999",3,3,0,0,0,0,0,9,proceed,cancel,2023-12-11 13:23:14.000,2023-12-19 08:04:19.000,3,3,1,0,2,2023-12-11 11:49:18,2023,12
6,24,INC47936967,"140,946,784",105,"5,848,267,268","5,848,267,268","76,615,600","-99,999",3,3,0,0,0,0,0,8,proceed,cancel,2023-12-12 18:23:13.000,2023-12-23 07:39:44.000,3,3,1,0,2,2023-12-12 15:09:08,2023,12
6,24,INC47934215,"140,946,784",105,"5,848,267,268","5,848,267,268","80,859,673","-99,999",3,3,0,0,0,0,0,25,proceed,cancel,2023-12-12 09:23:14.000,2023-12-20 07:41:46.000,3,3,1,0,2,2023-12-12 06:40:52,2023,12
6,24,INC47943596,"140,946,784",105,"5,848,267,268","5,848,267,268","61,667,736","-99,999",3,5,0,0,0,0,0,9,proceed,cancel,2023-12-13 02:53:14.000,2023-12-16 07:27:22.000,3,3,1,0,2,2023-12-13 01:29:07,2023,12
6,24,INC47929772,"266,226,194",121,"6,817,328,779","6,867,816,819","103,830,082","569,280,921",6,3,0,0,1,1,0,16,proceed,cancel,2023-12-11 20:26:51.000,2023-12-15 07:59:32.000,3,3,1,0,2,2023-12-11 18:35:48,2023,12
6,24,INC47934097,"140,946,784",105,"5,848,267,268","5,848,267,268","76,615,600","-99,999",3,3,0,0,0,0,0,8,proceed,cancel,2023-12-12 07:23:13.000,2023-12-20 07:41:45.000,3,3,1,0,2,2023-12-12 05:48:17,2023,12
6,24,INC47933823,"140,946,784",105,"5,848,267,268","5,848,267,268","76,615,600","-99,999",3,3,0,0,0,0,0,8,proceed,cancel,2023-12-12 04:23:13.000,2023-12-21 07:41:04.000,3,3,1,0,2,2023-12-12 03:03:06,2023,12
6,24,INC47932237,"166,126,616",121,"6,343,571,534","5,703,040,921","52,728,392","571,263,657",6,3,0,0,1,0,0,5,proceed,cancel,2023-12-11 21:55:42.000,2023-12-19 08:50:48.000,3,3,1,0,2,2023-12-11 21:41:35,2023,12
6,24,INC47922680,"140,946,784",105,"5,848,267,268","5,848,267,268","80,859,673","-99,999",3,3,0,0,0,0,0,9,proceed,cancel,2023-12-11 11:23:13.000,2023-12-12 11:20:33.000,3,3,1,0,2,2023-12-11 07:54:05,2023,12
6,24,INC47934040,"166,126,616",121,"5,703,039,248","3,238,381,753","52,729,432","591,460,505",10,3,0,1,0,1,0,12,proceed,cancel,2023-12-14 04:28:24.000,2023-12-21 08:31:56.000,3,3,1,0,2,2023-12-12 05:19:49,2023,12
6,24,INC47923759,"266,226,194",121,"6,313,447,475","6,313,447,475","103,974,889","569,263,002",6,3,0,1,0,0,0,6,proceed,cancel,2023-12-11 13:45:24.000,2023-12-15 07:59:24.000,3,3,1,0,2,2023-12-11 13:19:20,2023,12
6,24,INC47926629,"140,946,784",105,"5,848,267,268","5,848,267,268","76,615,600","-99,999",3,3,0,0,0,0,0,7,proceed,cancel,2023-12-11 18:53:15.000,2023-12-19 03:54:41.000,3,3,1,0,2,2023-12-11 15:51:26,2023,12
6,24,INC47923906,"266,226,194",121,"3,790,156,078","6,867,816,743","103,830,082","569,285,183",10,3,0,1,1,1,0,29,proceed,cancel,2023-12-18 14:12:01.000,2023-12-22 08:01:33.000,3,3,1,0,2,2023-12-11 13:34:18,2023,12
6,24,INC47929092,"266,226,194",51,"6,834,978,990","6,867,816,819","103,830,082","569,324,130",6,3,0,0,1,1,0,27,proceed,cancel,2023-12-15 20:13:07.000,2023-12-19 09:01:54.000,3,3,1,0,2,2023-12-11 17:52:50,2023,12
6,31,INC47923658,"266,226,194",122,"6,817,332,017","5,793,903,899","103,974,889","569,373,568",4,3,0,1,0,1,0,14,proceed,cancel,2023-12-12 13:51:19.000,2023-12-15 07:59:34.000,3,3,1,0,2,2023-12-11 13:09:17,2023,12
6,24,INC47931951,"140,946,784",105,"5,848,267,268","6,345,982,539","80,859,673","-99,999",3,3,0,0,0,0,0,16,proceed,cancel,2023-12-16 12:25:59.000,2023-12-16 12:26:19.000,3,3,1,0,2,2023-12-11 21:15:38,2023,12
6,24,INC47922609,"140,946,784",105,"5,848,267,268","5,848,267,268","80,859,673","-99,999",3,3,0,0,0,0,0,8,proceed,cancel,2023-12-11 22:23:15.000,2023-12-23 07:39:41.000,3,3,1,0,2,2023-12-11 07:10:26,2023,12
6,24,INC47922667,"140,946,784",105,"5,848,267,268","5,848,267,268","80,859,673","-99,999",3,5,0,0,0,0,0,9,proceed,cancel,2023-12-11 11:23:13.000,2023-12-12 11:20:32.000,3,3,1,0,2,2023-12-11 07:49:06,2023,12
6,24,INC47922671,"140,946,784",105,"5,848,267,268","5,848,267,268","80,859,673","-99,999",3,3,0,0,0,0,0,9,proceed,cancel,2023-12-11 11:23:13.000,2023-12-12 11:20:30.000,3,3,1,0,2,2023-12-11 07:51:46,2023,12
6,31,INC47931867,"266,226,194",16,"6,817,328,779","6,817,328,779","103,830,082","569,401,267",7,3,0,0,1,1,0,10,proceed,cancel,2023-12-11 21:39:09.000,2023-12-15 07:59:33.000,3,3,1,0,2,2023-12-11 21:06:55,2023,12
6,24,INC47923047,"266,226,194",121,"3,790,156,078","5,793,903,899","103,974,889","569,373,568",10,3,0,1,0,1,0,10,proceed,cancel,2023-12-12 12:42:07.000,2023-12-15 07:59:36.000,3,3,1,0,2,2023-12-11 11:26:00,2023,12
6,31,INC47926700,"166,126,616",122,"5,703,041,312","6,770,881,793","52,728,392","215,017,395",10,3,0,0,1,0,0,7,proceed,cancel,2023-12-12 16:35:27.000,2023-12-20 08:26:36.000,3,3,1,0,2,2023-12-11 15:56:12,2023,12
6,31,INC47927361,"266,226,194",52,"6,867,816,819","6,867,816,819","103,830,082","569,449,603",7,3,0,0,1,1,0,9,proceed,cancel,2023-12-12 16:08:31.000,2023-12-16 08:02:12.000,3,3,1,0,2,2023-12-11 16:32:43,2023,12
6,24,INC47932098,"166,126,616",121,"6,769,557,990","6,770,881,793","52,728,392","572,556,054",10,3,0,0,1,0,0,7,proceed,cancel,2023-12-11 22:11:56.000,2023-12-19 08:50:48.000,3,3,1,0,2,2023-12-11 21:28:22,2023,12
6,24,INC47929364,"140,946,784",105,"5,848,267,268","5,848,267,268","76,615,600","-99,999",3,3,0,0,0,0,0,9,proceed,cancel,2023-12-11 20:23:14.000,2023-12-21 07:40:58.000,3,3,1,0,2,2023-12-11 18:11:18,2023,12
6,24,INC47932151,"266,226,194",121,"3,790,156,078","6,867,816,743","103,830,082","569,338,861",10,3,0,1,1,1,0,9,proceed,cancel,2023-12-12 15:56:09.000,2023-12-16 08:02:14.000,3,3,1,0,2,2023-12-11 21:33:55,2023,12
6,24,INC47923020,"140,946,784",105,"5,848,267,268","5,848,267,268","76,615,600","-99,999",3,3,0,0,0,0,0,7,proceed,cancel,2023-12-11 13:53:14.000,2023-12-19 03:54:44.000,3,3,1,0,2,2023-12-11 11:14:47,2023,12
6,31,INC47929914,"266,226,194",52,"6,247,695,725","6,247,695,725","103,974,889","569,316,741",6,3,0,1,0,1,0,5,proceed,cancel,2023-12-11 18:48:57.000,2023-12-15 07:59:33.000,3,3,1,0,2,2023-12-11 18:44:00,2023,12
6,24,INC47923142,"140,946,784",105,"5,848,267,268","5,848,267,268","61,667,736","-99,999",3,3,0,0,0,0,0,9,proceed,cancel,2023-12-11 13:23:14.000,2023-12-19 08:04:20.000,3,3,1,0,2,2023-12-11 11:49:20,2023,12
6,24,INC47933947,"166,126,616",121,"5,703,038,999","5,703,041,143","87,971,197","214,720,028",10,3,0,0,1,1,0,5,proceed,cancel,2024-01-05 18:42:28.000,2024-01-13 07:59:58.000,3,3,1,0,2,2023-12-12 04:13:20,2023,12
6,31,INC47925450,"166,126,616",122,"2,438,429,805","6,770,881,793","52,728,392","215,017,395",6,3,0,0,1,0,0,5,proceed,cancel,2023-12-12 16:35:46.000,2023-12-20 08:26:36.000,3,3,1,0,2,2023-12-11 15:13:17,2023,12
6,24,INC47934160,"140,946,784",105,"5,848,267,268","5,848,267,268","80,859,673","-99,999",3,3,0,0,0,0,0,12,proceed,cancel,2023-12-12 08:53:13.000,2023-12-19 03:54:56.000,3,3,1,0,2,2023-12-12 06:16:47,2023,12
6,24,INC47923135,"140,946,784",105,"5,848,267,268","5,848,267,268","61,667,736","-99,999",3,3,0,0,0,0,0,9,proceed,cancel,2023-12-11 13:23:14.000,2023-12-19 08:04:16.000,3,3,1,0,2,2023-12-11 11:48:08,2023,12
6,24,INC47933560,"140,946,784",105,"5,848,267,268","5,848,267,268","76,615,600","-99,999",3,3,0,0,0,0,0,8,proceed,cancel,2023-12-12 02:53:13.000,2023-12-21 07:41:03.000,3,3,1,0,2,2023-12-12 01:26:56,2023,12
6,24,INC47923083,"266,226,194",121,"3,790,156,078","5,793,903,899","103,974,889","569,373,568",10,3,0,1,0,1,0,14,proceed,cancel,2023-12-14 14:29:02.000,2023-12-15 07:59:35.000,3,3,1,0,2,2023-12-11 11:35:40,2023,12
6,24,INC47923140,"140,946,784",105,"5,848,267,268","5,848,267,268","61,667,736","-99,999",3,3,0,0,0,0,0,9,proceed,cancel,2023-12-11 13:23:14.000,2023-12-19 08:04:18.000,3,3,1,0,2,2023-12-11 11:49:16,2023,12
6,25,INC47924727,"166,126,616",63,"2,438,429,805","2,438,429,805","52,729,432","215,117,249",6,3,0,1,0,1,0,2,proceed,cancel,2023-12-11 14:35:14.000,2023-12-19 08:50:45.000,3,3,1,0,2,2023-12-11 14:34:37,2023,12
6,24,INC47922734,"140,946,784",105,"5,848,267,268","5,848,267,268","76,615,600","-99,999",3,3,0,0,0,0,0,8,proceed,cancel,2023-12-11 10:23:13.000,2023-12-19 03:54:44.000,3,3,1,0,2,2023-12-11 08:34:57,2023,12
6,24,INC47934293,"140,946,784",105,"5,848,267,268","5,848,267,268","76,615,600","-99,999",3,3,0,0,0,0,0,8,proceed,cancel,2023-12-12 08:53:13.000,2023-12-19 03:54:40.000,3,3,1,0,2,2023-12-12 07:27:26,2023,12
6,24,INC47927286,"266,226,194",121,"3,790,156,078","6,838,119,269","103,974,889","569,319,384",10,3,0,1,0,1,0,9,proceed,cancel,2023-12-13 12:09:31.000,2023-12-17 09:10:34.000,3,3,1,0,2,2023-12-11 16:30:18,2023,12
6,24,INC47923085,"266,226,194",121,"3,790,156,078","5,793,903,899","103,974,889","569,373,568",10,3,0,1,0,1,0,12,proceed,cancel,2023-12-12 13:03:06.000,2023-12-15 07:59:38.000,3,3,1,0,2,2023-12-11 11:36:00,2023,12
6,24,INC47922831,"140,946,784",105,"5,848,267,268","5,848,267,268","76,615,600","-99,999",3,3,0,0,0,0,0,11,proceed,cancel,2023-12-13 22:23:14.000,2023-12-21 07:40:58.000,3,3,1,0,2,2023-12-11 09:53:06,2023,12
6,24,INC47929219,"266,226,194",51,"3,790,156,078","6,313,447,475","103,974,889","569,423,677",10,3,0,1,0,1,0,24,proceed,cancel,2023-12-14 16:18:56.000,2023-12-18 08:52:18.000,3,3,1,0,2,2023-12-11 18:00:53,2023,12
6,24,INC47933682,"140,946,784",105,"5,848,267,268","5,848,267,268","76,615,600","-99,999",3,3,0,0,0,0,0,9,proceed,cancel,2023-12-12 03:53:14.000,2023-12-21 07:41:03.000,3,3,1,0,2,2023-12-12 02:11:15,2023,12
6,24,INC47936135,"140,946,784",105,"5,848,267,268","6,293,179,578","76,615,600","-99,999",3,3,0,0,0,0,0,16,proceed,cancel,2023-12-13 03:21:26.000,2023-12-13 03:21:44.000,3,3,1,0,2,2023-12-12 14:18:19,2023,12
6,24,INC47933379,"266,226,194",121,"5,802,967,307","5,802,967,307","103,974,889","569,262,527",6,3,0,1,0,1,0,6,proceed,cancel,2023-12-12 00:47:45.000,2023-12-15 07:59:34.000,3,3,1,0,2,2023-12-12 00:43:06,2023,12
6,24,INC47936969,"140,946,784",105,"5,848,267,268","5,848,267,268","76,615,600","-99,999",3,3,0,0,0,0,0,8,proceed,cancel,2023-12-12 18:23:13.000,2023-12-21 07:41:05.000,3,3,1,0,2,2023-12-12 15:09:10,2023,12
6,24,INC47934016,"140,946,784",105,"5,848,267,268","5,848,267,268","76,615,600","-99,999",3,3,0,0,0,0,0,9,proceed,cancel,2023-12-12 08:23:13.000,2023-12-19 03:54:57.000,3,3,1,0,2,2023-12-12 05:03:17,2023,12
6,24,INC47931087,"166,126,616",51,"6,193,088,205","6,193,088,205","61,419,230","-99,999",10,3,0,0,1,0,0,2,proceed,cancel,2023-12-20 18:07:55.000,2023-12-20 18:07:55.000,3,3,1,0,2,2023-12-11 20:04:31,2023,12
6,24,INC47922705,"140,946,784",105,"5,848,267,268","5,848,267,268","76,615,600","-99,999",3,5,0,0,0,0,0,8,proceed,cancel,2023-12-11 09:23:14.000,2023-12-15 10:05:29.000,3,3,1,0,2,2023-12-11 08:13:55,2023,12
6,24,INC47933878,"166,126,616",121,"6,159,724,290","5,703,041,143","87,971,197","215,157,250",10,3,0,0,2,0,0,6,proceed,cancel,2024-01-05 16:04:08.000,2024-01-13 07:59:57.000,3,3,1,0,2,2023-12-12 03:37:21,2023,12
6,24,INC47934668,"140,946,784",105,"5,848,267,268","5,848,267,268","80,859,673","-99,999",3,5,0,0,0,0,0,5,proceed,cancel,2023-12-12 11:53:16.000,2023-12-12 13:02:35.000,3,3,1,0,2,2023-12-12 10:32:00,2023,12
6,24,INC47922681,"140,946,784",105,"5,848,267,268","5,848,267,268","80,859,673","-99,999",3,3,0,0,0,0,0,9,proceed,cancel,2023-12-11 11:23:13.000,2023-12-12 11:20:34.000,3,3,1,0,2,2023-12-11 07:54:07,2023,12
6,24,INC47933664,"140,946,784",105,"5,848,267,268","5,848,267,268","76,615,600","-99,999",3,3,0,0,0,0,0,8,proceed,cancel,2023-12-12 03:23:13.000,2023-12-23 07:39:42.000,3,3,1,0,2,2023-12-12 02:03:56,2023,12
6,24,INC47942096,"140,946,784",105,"5,848,267,268","5,848,267,268","80,859,673","-99,999",3,5,0,0,0,0,0,7,proceed,cancel,2023-12-13 08:23:13.000,2023-12-15 10:08:26.000,3,3,1,0,2,2023-12-12 21:18:24,2023,12
6,24,INC47944216,"140,946,784",105,"5,848,267,268","5,848,267,268","61,667,736","-99,999",3,3,0,0,0,0,0,7,proceed,cancel,2023-12-13 07:23:14.000,2023-12-14 03:11:45.000,3,3,1,0,2,2023-12-13 06:10:26,2023,12
6,24,INC47932354,"140,946,784",105,"5,848,267,268","5,848,267,268","76,615,600","-99,999",3,3,0,0,0,0,0,9,proceed,cancel,2023-12-11 23:23:16.000,2023-12-21 07:41:00.000,3,3,1,0,2,2023-12-11 21:55:19,2023,12
6,24,INC47927376,"266,226,194",121,"3,790,156,078","6,817,331,932","103,830,084","569,296,391",10,3,0,1,1,1,0,12,proceed,cancel,2023-12-11 18:17:20.000,2023-12-15 07:59:31.000,3,3,1,0,2,2023-12-11 16:33:54,2023,12
6,24,INC47932443,"140,946,784",105,"5,848,267,268","5,848,267,268","80,859,673","-99,999",3,3,0,0,0,0,0,65,proceed,cancel,2023-12-12 05:53:13.000,2023-12-19 08:04:27.000,3,3,1,0,2,2023-12-11 22:04:49,2023,12
6,24,INC47922666,"140,946,784",105,"5,848,267,268","6,116,482,150","80,859,673","-99,999",3,5,0,0,0,0,0,15,proceed,cancel,2023-12-12 11:20:04.000,2023-12-12 11:20:22.000,3,3,1,0,2,2023-12-11 07:47:55,2023,12
6,31,INC47925237,"166,126,616",122,"6,059,124,548","5,703,038,618","52,728,391","572,532,853",10,3,0,0,1,1,0,6,proceed,cancel,2023-12-11 17:01:44.000,2023-12-19 08:50:46.000,3,3,1,0,2,2023-12-11 15:05:25,2023,12
6,24,INC47924809,"140,946,784",105,"5,848,267,268","6,345,982,539","80,859,673","-99,999",3,3,0,0,0,0,0,17,proceed,cancel,2023-12-12 12:53:27.000,2023-12-12 12:54:30.000,3,3,1,0,2,2023-12-11 14:38:57,2023,12
6,31,INC47931798,"166,126,616",122,"6,819,139,276","6,819,139,276","52,729,432","215,017,395",6,3,0,1,0,0,0,3,proceed,cancel,2023-12-11 21:07:07.000,2023-12-19 08:50:47.000,3,3,1,0,2,2023-12-11 21:00:23,2023,12
6,24,INC47922682,"140,946,784",105,"5,848,267,268","5,848,267,268","76,615,600","-99,999",3,3,0,0,0,0,0,8,proceed,cancel,2023-12-11 09:23:14.000,2023-12-19 03:54:52.000,3,3,1,0,2,2023-12-11 07:55:15,2023,12
6,25,INC47926650,"266,226,194",63,"6,247,695,725","6,247,695,725","103,974,889","569,357,766",6,3,0,1,0,1,0,5,proceed,cancel,2023-12-11 15:54:55.000,2023-12-15 07:59:30.000,3,3,1,0,2,2023-12-11 15:53:13,2023,12
6,24,INC47922828,"140,946,784",105,"5,848,267,268","6,345,982,539","76,615,600","-99,999",3,3,0,0,0,0,0,17,proceed,cancel,2023-12-12 12:55:04.000,2023-12-12 12:56:17.000,3,3,1,0,2,2023-12-11 09:50:17,2023,12
6,24,INC47923136,"140,946,784",105,"5,848,267,268","5,848,267,268","61,667,736","-99,999",3,3,0,0,0,0,0,9,proceed,cancel,2023-12-11 13:23:14.000,2023-12-19 08:04:17.000,3,3,1,0,2,2023-12-11 11:48:10,2023,12
6,24,INC47925065,"266,226,194",121,"3,790,156,078","5,793,903,899","103,974,889","569,373,568",10,3,0,1,0,1,0,9,proceed,cancel,2023-12-12 13:43:21.000,2023-12-15 07:59:39.000,3,3,1,0,2,2023-12-11 14:55:33,2023,12
6,24,INC47923264,"266,226,194",121,"6,838,119,269","6,838,119,269","103,974,889","569,311,341",6,3,0,1,0,1,0,10,proceed,cancel,2023-12-11 12:25:18.000,2023-12-15 07:59:21.000,3,3,1,0,2,2023-12-11 12:18:35,2023,12
6,24,INC47932992,"140,946,784",105,"5,848,267,268","5,848,267,268","76,615,600","-99,999",3,3,0,0,0,0,0,8,proceed,cancel,2023-12-12 02:23:13.000,2023-12-21 07:41:02.000,3,3,1,0,2,2023-12-11 23:23:17,2023,12
6,24,INC47933971,"166,126,616",121,"6,787,810,709","5,802,727,114","52,728,393","572,656,576",10,5,0,0,1,0,0,5,proceed,cancel,2023-12-12 16:09:05.000,2023-12-20 08:26:37.000,3,3,1,0,2,2023-12-12 04:30:58,2023,12
6,24,INC47881690,"166,126,616",121,"6,853,836,737","6,853,836,737","52,729,432","571,456,192",6,3,0,1,0,1,0,7,proceed,cancel,2023-12-05 18:06:37.000,2023-12-13 08:43:59.000,3,3,1,0,2,2023-12-05 17:58:12,2023,12
6,31,INC47880458,"166,126,616",122,"5,703,040,835","5,703,040,921","67,354,644","571,323,435",10,3,0,0,3,1,0,11,proceed,cancel,2024-01-03 14:25:47.000,2024-01-11 08:31:38.000,3,3,1,0,2,2023-12-05 16:51:49,2023,12
6,31,INC47893900,"266,226,194",122,"6,867,816,819","6,867,816,819","103,830,082","569,354,765",7,3,0,1,1,0,0,11,proceed,cancel,2023-12-06 20:40:40.000,2023-12-10 10:25:59.000,3,3,1,0,2,2023-12-06 19:49:04,2023,12
6,24,INC47885188,"140,946,784",105,"5,848,267,268","6,345,982,539","80,859,673","-99,999",3,3,0,0,0,0,0,13,proceed,cancel,2023-12-09 08:06:30.000,2023-12-09 08:06:48.000,3,3,1,0,2,2023-12-05 22:39:51,2023,12
6,24,INC47877609,"266,226,194",121,"6,838,119,269","6,838,119,269","103,974,889","569,342,432",6,3,0,1,2,1,0,18,proceed,cancel,2023-12-05 16:16:22.000,2023-12-09 07:57:01.000,3,3,1,0,2,2023-12-05 13:45:03,2023,12
6,24,INC47879631,"266,226,194",121,"3,790,156,078","6,867,816,743","103,830,082","569,380,849",10,3,0,1,1,0,0,16,proceed,cancel,2023-12-05 19:12:44.000,2023-12-09 07:57:07.000,3,3,1,0,2,2023-12-05 15:58:54,2023,12
6,24,INC47880959,"140,946,784",105,"5,848,267,268","5,848,267,268","61,667,736","-99,999",3,3,0,0,0,0,0,8,proceed,cancel,2023-12-05 21:53:16.000,2023-12-09 08:25:44.000,3,3,1,0,2,2023-12-05 17:15:10,2023,12
6,24,INC47881213,"266,226,194",121,"6,264,845,105","6,264,845,105","103,974,889","569,257,950",6,3,0,1,0,1,0,14,proceed,cancel,2023-12-06 15:05:48.000,2023-12-10 10:25:51.000,3,3,1,0,2,2023-12-05 17:29:05,2023,12
6,31,INC47884049,"166,126,616",122,"6,778,086,446","6,197,463,044","52,728,393","575,972,787",10,3,0,0,1,1,0,7,proceed,cancel,2023-12-06 14:10:03.000,2023-12-14 08:26:01.000,3,3,1,0,2,2023-12-05 20:42:21,2023,12
6,24,INC47886223,"140,946,784",105,"5,848,267,268","5,848,267,268","80,859,673","-99,999",3,5,0,0,0,0,0,9,proceed,cancel,2023-12-06 04:53:13.000,2023-12-09 08:15:22.000,3,3,1,0,2,2023-12-06 03:26:42,2023,12
6,24,INC47886355,"166,126,616",121,"5,788,661,775","6,207,661,366","52,728,393","214,602,738",10,3,0,0,1,1,0,6,proceed,cancel,2023-12-20 21:38:16.000,2023-12-28 08:07:01.000,3,3,1,0,2,2023-12-06 04:43:56,2023,12
6,24,INC47882939,"266,226,194",121,"6,838,119,269","6,867,816,743","103,830,082","569,246,095",2,3,0,1,1,1,0,14,proceed,cancel,2023-12-05 20:42:44.000,2023-12-09 07:57:15.000,3,3,1,0,2,2023-12-05 19:24:52,2023,12
6,24,INC47877770,"266,226,194",121,"6,838,119,269","6,838,119,269","103,974,889","569,246,095",6,3,0,1,0,1,0,10,proceed,cancel,2023-12-05 14:39:11.000,2023-12-09 07:57:02.000,3,3,1,0,2,2023-12-05 13:58:34,2023,12
6,24,INC47880420,"166,126,616",51,"5,703,038,615","5,703,040,921","52,728,392","214,700,237",10,3,0,0,1,1,0,7,proceed,cancel,2023-12-07 20:34:30.000,2023-12-15 07:49:54.000,3,3,1,0,2,2023-12-05 16:49:34,2023,12
6,31,INC47889863,"166,126,616",122,"6,770,881,771","5,703,040,455","52,728,392","215,177,230",10,3,0,0,1,0,0,9,proceed,cancel,2023-12-06 18:36:05.000,2023-12-14 08:26:02.000,3,3,1,0,2,2023-12-06 15:05:42,2023,12
6,24,INC47876945,"140,946,784",105,"5,848,267,268","5,848,267,268","76,615,600","-99,999",3,3,0,0,0,0,0,7,proceed,cancel,2023-12-05 13:53:14.000,2023-12-13 07:53:58.000,3,3,1,0,2,2023-12-05 12:38:54,2023,12
6,24,INC47887137,"140,946,784",105,"5,848,267,268","6,293,179,578","76,615,600","-99,999",3,5,0,0,0,0,0,13,proceed,cancel,2023-12-08 08:42:23.000,2023-12-08 08:48:22.000,3,3,1,0,2,2023-12-06 10:26:35,2023,12
6,24,INC47885877,"140,946,784",105,"5,848,267,268","5,848,267,268","80,859,673","-99,999",3,3,0,0,0,0,0,8,proceed,cancel,2023-12-06 22:23:13.000,2023-12-14 07:47:28.000,3,3,1,0,2,2023-12-06 01:07:22,2023,12
6,31,INC47884946,"166,126,616",16,"3,503,348,459","3,503,348,459","52,729,432","571,333,591",6,3,0,1,0,0,0,4,proceed,cancel,2023-12-07 17:36:43.000,2023-12-15 07:49:55.000,3,3,1,0,2,2023-12-05 22:07:11,2023,12
6,24,INC47879405,"266,226,194",121,"3,790,156,078","6,838,119,269","103,974,889","569,276,714",10,3,0,1,0,1,0,42,proceed,cancel,2023-12-18 15:26:47.000,2023-12-22 08:01:30.000,3,3,1,0,2,2023-12-05 15:46:46,2023,12
6,24,INC47883298,"140,946,784",105,"5,848,267,268","-99,999","76,615,600","-99,999",3,3,0,0,0,0,0,14,proceed,cancel,2023-12-08 09:12:11.000,2023-12-08 09:12:11.000,3,3,1,0,2,2023-12-05 19:51:12,2023,12
6,31,INC47881896,"266,226,194",122,"3,790,156,078","6,817,328,029","103,830,082","569,423,677",10,3,0,0,1,1,0,15,proceed,cancel,2023-12-08 16:59:18.000,2023-12-12 09:21:08.000,3,3,1,0,2,2023-12-05 18:14:12,2023,12
6,31,INC47878802,"166,126,616",16,"6,172,295,149","5,703,040,455","52,728,392","572,672,075",10,3,0,0,1,0,0,7,proceed,cancel,2023-12-05 18:24:43.000,2023-12-13 08:43:58.000,3,3,1,0,2,2023-12-05 15:10:27,2023,12
6,24,INC47882097,"166,126,616",51,"5,788,661,775","5,703,040,921","52,728,392","591,460,505",10,3,0,0,1,1,0,12,proceed,cancel,2023-12-05 20:48:02.000,2023-12-13 08:44:00.000,3,3,1,0,2,2023-12-05 18:28:55,2023,12
6,24,INC47880977,"140,946,784",105,"5,848,267,268","5,848,267,268","61,667,736","-99,999",3,3,0,0,0,0,0,8,proceed,cancel,2023-12-05 21:53:15.000,2023-12-09 08:25:47.000,3,3,1,0,2,2023-12-05 17:15:28,2023,12
6,24,INC47896794,"140,946,784",105,"5,848,267,268","5,848,267,268","61,667,736","-99,999",3,3,0,0,0,0,0,7,proceed,cancel,2023-12-07 04:23:27.000,2023-12-14 07:47:36.000,3,3,1,0,2,2023-12-07 03:16:06,2023,12
6,24,INC47880412,"266,226,194",121,"3,790,156,078","6,817,331,932","103,830,084","569,327,093",10,3,0,1,2,1,0,20,proceed,cancel,2023-12-05 19:21:45.000,2023-12-09 07:57:12.000,3,3,1,0,2,2023-12-05 16:49:03,2023,12
6,31,INC47889024,"266,226,194",122,"3,790,156,078","6,867,816,743","103,830,082","569,307,680",4,3,0,1,1,1,0,8,proceed,cancel,2023-12-06 14:15:10.000,2023-12-10 10:25:56.000,3,3,1,0,2,2023-12-06 14:10:34,2023,12
6,24,INC47880975,"140,946,784",105,"5,848,267,268","5,848,267,268","61,667,736","-99,999",3,3,0,0,0,0,0,8,proceed,cancel,2023-12-05 21:53:15.000,2023-12-09 08:25:46.000,3,3,1,0,2,2023-12-05 17:15:25,2023,12
6,31,INC47875942,"140,946,784",16,"5,916,170,592","6,345,982,539","76,615,600","-99,999",10,3,0,0,3,0,0,13,proceed,cancel,2023-12-05 11:48:50.000,2023-12-05 11:49:13.000,3,3,1,0,2,2023-12-05 08:27:32,2023,12
6,24,INC47885215,"140,946,784",105,"5,848,267,268","5,848,267,268","80,859,673","-99,999",3,3,0,0,0,0,0,8,proceed,cancel,2023-12-05 23:53:19.000,2023-12-09 08:07:04.000,3,3,1,0,2,2023-12-05 22:43:59,2023,12
6,24,INC47876153,"140,946,784",105,"5,848,267,268","5,848,267,268","76,615,600","-99,999",3,5,0,0,0,0,0,12,proceed,cancel,2023-12-05 10:53:14.000,2023-12-13 07:53:54.000,3,3,1,0,2,2023-12-05 09:34:24,2023,12
6,24,INC47876470,"140,946,784",105,"5,848,267,268","5,848,267,268","76,615,600","-99,999",3,5,0,0,0,0,0,8,proceed,cancel,2023-12-05 12:53:14.000,2023-12-13 07:53:56.000,3,3,1,0,2,2023-12-05 11:32:21,2023,12
6,25,INC47883565,"266,226,194",63,"6,838,119,269","6,838,119,269","103,974,889","569,255,098",6,3,0,1,0,1,0,5,proceed,cancel,2023-12-05 20:09:41.000,2023-12-09 07:57:16.000,3,3,1,0,2,2023-12-05 20:07:59,2023,12
6,31,INC47876665,"266,226,194",122,"3,790,156,078","6,264,845,105","103,974,889","-99,999",10,3,0,1,0,0,0,21,proceed,cancel,2023-12-05 12:31:02.000,2023-12-09 07:56:57.000,3,3,1,0,2,2023-12-05 11:58:20,2023,12
6,31,INC47880018,"266,226,194",122,"6,867,816,819","6,867,816,819","103,830,082","569,354,765",7,3,0,1,1,0,0,9,proceed,cancel,2023-12-05 20:44:18.000,2023-12-09 07:57:08.000,3,3,1,0,2,2023-12-05 16:22:25,2023,12
6,24,INC47882196,"166,126,616",51,"6,322,476,869","5,703,040,921","52,728,392","571,263,266",4,3,0,0,1,0,0,15,proceed,cancel,2023-12-13 20:34:15.000,2023-12-21 08:31:55.000,3,3,1,0,2,2023-12-05 18:36:27,2023,12
6,31,INC47881697,"140,946,784",52,"6,230,797,880","6,230,797,880","61,667,736","-99,999",10,3,0,0,2,0,0,19,proceed,cancel,2024-01-10 17:49:16.000,2024-01-10 17:50:05.000,3,3,1,0,2,2023-12-05 17:58:51,2023,12
6,24,INC47876008,"140,946,784",105,"5,848,267,268","5,848,267,268","80,859,673","-99,999",3,3,0,0,0,0,0,8,proceed,cancel,2023-12-06 02:53:13.000,2023-12-09 08:04:35.000,3,3,1,0,2,2023-12-05 09:02:50,2023,12
6,24,INC47896880,"140,946,784",105,"5,848,267,268","5,848,267,268","80,859,673","-99,999",3,3,0,0,0,0,0,13,proceed,cancel,2023-12-07 04:53:14.000,2023-12-14 07:47:36.000,3,3,1,0,2,2023-12-07 03:44:35,2023,12
6,24,INC47886226,"140,946,784",105,"5,848,267,268","6,345,982,539","80,859,673","-99,999",3,3,0,0,0,0,0,19,proceed,cancel,2023-12-09 08:14:39.000,2023-12-09 08:15:07.000,3,3,1,0,2,2023-12-06 03:27:52,2023,12
6,24,INC47886015,"166,126,616",121,"5,703,040,664","6,016,140,447","52,728,392","572,517,552",10,3,0,0,1,0,0,6,proceed,cancel,2023-12-12 14:57:41.000,2023-12-20 08:26:33.000,3,3,1,0,2,2023-12-06 01:46:19,2023,12
6,24,INC47892642,"266,226,194",121,"6,264,845,105","6,817,328,029","103,830,082","569,280,795",6,3,0,1,1,1,0,9,proceed,cancel,2023-12-07 13:36:45.000,2023-12-11 09:07:34.000,3,3,1,0,2,2023-12-06 18:18:36,2023,12
6,31,INC47885099,"266,226,194",16,"3,790,156,078","5,802,967,307","103,974,889","569,280,921",10,3,0,1,0,1,0,12,proceed,cancel,2023-12-08 00:58:22.000,2023-12-11 09:07:31.000,3,3,1,0,2,2023-12-05 22:28:20,2023,12
6,31,INC47886821,"140,946,784","371,220","6,293,179,578","6,293,179,578","76,615,600","-99,999",10,3,0,0,1,0,0,23,proceed,cancel,2023-12-07 06:53:26.000,2023-12-07 06:55:18.000,3,3,1,0,2,2023-12-06 07:56:47,2023,12
6,24,INC47893327,"266,226,194",121,"6,838,119,269","6,838,119,269","103,974,889","569,484,641",6,3,0,1,0,1,0,15,proceed,cancel,2023-12-15 16:00:59.000,2023-12-19 09:01:53.000,3,3,1,0,2,2023-12-06 19:08:35,2023,12
6,24,INC47888803,"140,946,784",105,"5,848,267,268","5,848,267,268","80,859,673","-99,999",3,3,0,0,0,0,0,5,proceed,cancel,2023-12-06 15:23:13.000,2023-12-09 08:01:51.000,3,3,1,0,2,2023-12-06 13:53:09,2023,12
6,24,INC47894926,"140,946,784",105,"5,848,267,268","5,848,267,268","76,615,600","-99,999",3,3,0,0,0,0,0,9,proceed,cancel,2023-12-07 09:23:13.000,2023-12-15 07:47:14.000,3,3,1,0,2,2023-12-06 21:05:50,2023,12
6,31,INC47891434,"166,126,616",122,"2,438,429,805","2,438,429,805","52,729,432","414,126,732",6,3,0,1,0,0,0,3,proceed,cancel,2023-12-06 16:51:40.000,2023-12-14 08:26:02.000,3,3,1,0,2,2023-12-06 16:48:39,2023,12
6,24,INC47895322,"140,946,784",105,"5,848,267,268","5,848,267,268","80,859,673","-99,999",3,3,0,0,0,0,0,50,proceed,cancel,2023-12-07 06:23:14.000,2023-12-15 07:47:16.000,3,3,1,0,2,2023-12-06 21:43:41,2023,12
6,31,INC47892022,"266,226,194",16,"3,790,156,078","6,838,119,269","103,974,889","569,370,352",10,3,0,1,0,1,0,20,proceed,cancel,2023-12-07 12:37:19.000,2023-12-11 09:07:33.000,3,3,1,0,2,2023-12-06 17:30:24,2023,12
6,31,INC47887060,"266,226,194",16,"3,790,156,078","6,247,695,725","103,974,889","569,280,921",10,3,0,1,0,1,0,16,proceed,cancel,2023-12-13 17:12:23.000,2023-12-17 09:10:31.000,3,3,1,0,2,2023-12-06 09:48:24,2023,12
6,31,INC47893167,"166,126,616",16,"6,159,723,894","6,059,124,548","79,181,792","572,649,035",10,3,0,0,1,0,0,6,proceed,cancel,2023-12-06 20:22:19.000,2023-12-14 08:26:04.000,3,3,1,0,2,2023-12-06 18:58:38,2023,12
6,24,INC47895994,"266,226,194",103,"6,799,802,581","6,817,328,029","103,830,082","569,296,391",6,3,0,1,1,1,0,12,proceed,cancel,2023-12-13 17:20:53.000,2023-12-17 09:10:32.000,3,3,1,0,2,2023-12-06 23:07:20,2023,12
6,24,INC47887532,"266,226,194",121,"3,790,156,078","6,867,816,819","103,830,082","569,354,337",10,3,0,0,1,1,0,13,proceed,cancel,2023-12-06 14:07:54.000,2023-12-10 10:25:55.000,3,3,1,0,2,2023-12-06 11:17:47,2023,12
6,24,INC47896918,"140,946,784",105,"5,848,267,268","5,848,267,268","76,615,600","-99,999",3,3,0,0,0,0,0,11,proceed,cancel,2023-12-07 05:23:13.000,2023-12-14 07:47:37.000,3,3,1,0,2,2023-12-07 04:04:06,2023,12
6,24,INC47888801,"140,946,784",105,"5,848,267,268","5,848,267,268","80,859,673","-99,999",3,3,0,0,0,0,0,5,proceed,cancel,2023-12-06 15:23:13.000,2023-12-09 08:01:50.000,3,3,1,0,2,2023-12-06 13:53:07,2023,12
6,31,INC47896069,"166,126,616",16,"6,842,456,985","6,842,456,985","52,729,432","571,333,591",6,3,0,1,0,0,0,3,proceed,cancel,2023-12-06 23:29:13.000,2023-12-14 08:26:05.000,3,3,1,0,2,2023-12-06 23:25:07,2023,12
6,31,INC47892306,"166,126,616",122,"2,438,429,805","2,438,429,805","52,729,432","591,460,505",6,3,0,1,0,1,0,4,proceed,cancel,2023-12-06 18:03:44.000,2023-12-14 08:26:03.000,3,3,1,0,2,2023-12-06 17:53:46,2023,12
6,24,INC47895465,"140,946,784",105,"5,848,267,268","5,848,267,268","76,615,600","-99,999",3,3,0,0,0,0,0,9,proceed,cancel,2023-12-06 23:53:14.000,2023-12-08 08:54:47.000,3,3,1,0,2,2023-12-06 21:57:18,2023,12
6,25,INC47895152,"266,226,194",63,"5,802,967,307","5,802,967,307","103,974,889","569,246,095",2,3,0,1,0,1,0,5,proceed,cancel,2023-12-06 21:27:45.000,2023-12-10 10:26:01.000,3,3,1,0,2,2023-12-06 21:26:18,2023,12
6,31,INC47892190,"166,126,616",122,"5,936,352,761","5,703,040,921","52,728,392","571,323,435",10,3,0,0,1,1,0,5,proceed,cancel,2023-12-07 16:32:56.000,2023-12-15 07:49:55.000,3,3,1,0,2,2023-12-06 17:43:30,2023,12
6,24,INC47894925,"140,946,784",105,"5,848,267,268","5,848,267,268","76,615,600","-99,999",3,3,0,0,0,0,0,113,proceed,cancel,2023-12-20 22:23:14.000,2023-12-28 07:37:07.000,3,3,1,0,2,2023-12-06 21:05:48,2023,12
6,24,INC47889379,"266,226,194",121,"6,838,119,269","6,817,328,779","103,830,082","569,246,095",6,3,0,0,1,1,0,12,proceed,cancel,2023-12-06 16:44:38.000,2023-12-10 10:25:58.000,3,3,1,0,2,2023-12-06 14:33:43,2023,12
6,25,INC47891945,"166,126,616",63,"6,819,139,276","6,819,139,276","52,729,432","572,556,054",6,3,0,1,0,0,0,3,proceed,cancel,2023-12-06 17:27:56.000,2023-12-14 08:26:03.000,3,3,1,0,2,2023-12-06 17:24:30,2023,12
6,24,INC47893141,"266,226,194",121,"6,313,447,475","6,867,816,819","103,830,082","569,338,861",6,3,0,0,1,1,0,16,proceed,cancel,2023-12-12 17:10:07.000,2023-12-16 08:02:05.000,3,3,1,0,2,2023-12-06 18:56:39,2023,12
6,24,INC47895018,"140,946,784",105,"5,848,267,268","5,848,267,268","80,859,673","-99,999",3,5,0,0,0,0,0,9,proceed,cancel,2023-12-06 22:23:14.000,2023-12-14 07:47:35.000,3,3,1,0,2,2023-12-06 21:12:47,2023,12
6,31,INC47887847,"266,226,194",122,"3,790,156,078","6,838,119,269","103,974,889","569,473,206",10,3,0,1,0,1,0,12,proceed,cancel,2023-12-07 17:02:57.000,2023-12-11 09:07:31.000,3,3,1,0,2,2023-12-06 11:55:27,2023,12
6,24,INC47894069,"166,126,616",121,"6,853,836,737","6,770,881,793","52,728,392","561,183,411",6,3,0,0,1,1,0,8,proceed,cancel,2023-12-06 20:06:10.000,2023-12-14 08:26:04.000,3,3,1,0,2,2023-12-06 20:02:46,2023,12
6,24,INC47888229,"140,946,784",105,"5,848,267,268","5,848,267,268","76,615,600","-99,999",3,3,0,0,0,0,0,8,proceed,cancel,2023-12-06 14:23:13.000,2023-12-15 07:47:13.000,3,3,1,0,2,2023-12-06 12:50:56,2023,12
6,31,INC47893827,"166,126,616",52,"6,819,139,276","5,703,040,921","52,728,392","572,501,976",6,3,0,0,1,0,0,7,proceed,cancel,2023-12-07 18:43:14.000,2023-12-15 07:49:55.000,3,3,1,0,2,2023-12-06 19:43:02,2023,12
6,24,INC47895167,"140,946,784",105,"5,848,267,268","5,848,267,268","80,859,673","-99,999",3,3,0,0,0,0,0,7,proceed,cancel,2023-12-07 22:23:16.000,2023-12-15 07:47:15.000,3,3,1,0,2,2023-12-06 21:28:27,2023,12
6,31,INC47891791,"266,226,194",122,"3,790,156,078","6,817,329,706","103,830,082","569,338,861",4,3,0,0,1,1,0,26,proceed,cancel,2023-12-12 00:10:11.000,2023-12-15 07:59:15.000,3,3,1,0,2,2023-12-06 17:13:26,2023,12
6,24,INC47888126,"266,226,194",121,"6,264,845,105","6,264,845,105","103,974,889","569,280,795",4,3,0,1,0,1,0,20,proceed,cancel,2023-12-11 13:19:40.000,2023-12-15 07:59:15.000,3,3,1,0,2,2023-12-06 12:35:01,2023,12
6,24,INC47886708,"166,126,616",121,"6,159,724,274","6,016,140,447","52,728,392","215,167,115",10,3,0,0,2,1,0,7,proceed,cancel,2023-12-12 14:31:11.000,2023-12-20 08:26:33.000,3,3,1,0,2,2023-12-06 07:03:19,2023,12
6,24,INC47892365,"266,226,194",121,"6,313,447,475","6,867,816,743","103,830,082","569,276,714",6,3,0,0,1,1,0,19,proceed,cancel,2023-12-07 21:21:59.000,2023-12-11 09:07:33.000,3,3,1,0,2,2023-12-06 17:58:26,2023,12
6,24,INC47893207,"140,946,784",105,"5,848,267,268","6,230,797,880","76,615,600","-99,999",3,3,0,0,0,0,0,15,proceed,cancel,2023-12-07 01:15:43.000,2023-12-07 01:15:55.000,3,3,1,0,2,2023-12-06 19:01:18,2023,12
6,24,INC47894924,"140,946,784",105,"5,848,267,268","5,848,267,268","76,615,600","-99,999",3,3,0,0,0,0,0,13,proceed,cancel,2023-12-13 22:23:14.000,2023-12-21 07:40:45.000,3,3,1,0,2,2023-12-06 21:05:47,2023,12
6,24,INC47877444,"266,226,194",121,"6,264,845,105","6,264,845,105","103,974,889","569,373,343",6,3,0,1,0,1,0,4,proceed,cancel,2023-12-05 13:45:46.000,2023-12-09 07:56:58.000,3,3,1,0,2,2023-12-05 13:30:29,2023,12
6,31,INC47893042,"140,946,784",52,"6,230,797,880","6,230,797,880","61,667,736","-99,999",10,3,0,0,2,0,0,31,proceed,cancel,2023-12-18 21:51:51.000,2023-12-18 21:52:37.000,3,3,1,0,2,2023-12-06 18:48:30,2023,12
6,31,INC47895214,"266,226,194",122,"3,790,156,078","6,867,816,743","103,830,082","569,463,331",4,3,0,1,1,1,0,9,proceed,cancel,2023-12-06 21:59:41.000,2023-12-10 10:26:01.000,3,3,1,0,2,2023-12-06 21:33:40,2023,12
6,24,INC47896891,"140,946,784",105,"5,848,267,268","5,848,267,268","76,615,600","-99,999",3,3,0,0,0,0,0,8,proceed,cancel,2023-12-07 05:23:13.000,2023-12-15 07:47:18.000,3,3,1,0,2,2023-12-07 03:50:56,2023,12
6,24,INC47896708,"140,946,784",105,"5,848,267,268","5,848,267,268","76,615,600","-99,999",3,3,0,0,0,0,0,8,proceed,cancel,2023-12-07 03:53:13.000,2023-12-15 07:47:17.000,3,3,1,0,2,2023-12-07 02:22:47,2023,12
6,25,INC47893514,"266,226,194",63,"3,790,156,078","5,793,903,899","103,974,889","569,255,098",10,3,0,1,0,1,0,5,proceed,cancel,2023-12-06 20:50:42.000,2023-12-10 10:25:59.000,3,3,1,0,2,2023-12-06 19:21:31,2023,12
6,24,INC47886231,"140,946,784",105,"5,848,267,268","5,848,267,268","80,859,673","-99,999",3,3,0,0,0,0,0,9,proceed,cancel,2023-12-06 04:53:13.000,2023-12-09 08:15:27.000,3,3,1,0,2,2023-12-06 03:31:43,2023,12
6,24,INC47882701,"140,946,784",105,"5,848,267,268","5,848,267,268","76,615,600","-99,999",3,3,0,0,0,0,0,7,proceed,cancel,2023-12-05 20:23:15.000,2023-12-13 07:54:09.000,3,3,1,0,2,2023-12-05 19:07:29,2023,12
6,24,INC47885172,"140,946,784",105,"5,848,267,268","5,848,267,268","76,615,600","-99,999",3,3,0,0,0,0,0,7,proceed,cancel,2023-12-05 23:53:19.000,2023-12-13 07:54:10.000,3,3,1,0,2,2023-12-05 22:37:32,2023,12
6,24,INC47878775,"140,946,784",105,"5,848,267,268","5,848,267,268","76,615,600","-99,999",3,3,0,0,0,0,0,8,proceed,cancel,2023-12-05 18:23:14.000,2023-12-13 07:54:01.000,3,3,1,0,2,2023-12-05 15:08:47,2023,12
6,25,INC47892476,"266,226,194",63,"6,204,928,876","6,204,928,876","103,974,889","569,357,766",6,3,0,1,0,1,0,5,proceed,cancel,2023-12-06 19:11:57.000,2023-12-10 10:25:59.000,3,3,1,0,2,2023-12-06 18:06:30,2023,12
6,31,INC47895725,"266,226,194",122,"6,867,620,604","6,867,620,604","103,830,082","569,478,663",4,3,0,0,1,1,0,11,proceed,cancel,2023-12-07 21:38:23.000,2023-12-07 21:38:23.000,3,3,1,0,2,2023-12-06 22:27:27,2023,12
6,24,INC47895108,"266,226,194",121,"6,799,802,581","6,799,802,581","103,974,889","569,431,724",6,3,0,1,0,1,0,4,proceed,cancel,2023-12-06 21:24:37.000,2023-12-10 10:26:00.000,3,3,1,0,2,2023-12-06 21:21:05,2023,12
6,24,INC47888799,"140,946,784",105,"5,848,267,268","5,848,267,268","80,859,673","-99,999",3,3,0,0,0,0,0,5,proceed,cancel,2023-12-06 15:23:14.000,2023-12-09 08:01:52.000,3,3,1,0,2,2023-12-06 13:53:05,2023,12
6,24,INC47889847,"140,946,784",105,"5,848,267,268","5,848,267,268","76,615,600","-99,999",3,3,0,0,0,0,0,29,proceed,cancel,2023-12-06 18:53:15.000,2023-12-14 07:47:31.000,3,3,1,0,2,2023-12-06 15:05:07,2023,12
6,31,INC47893082,"166,126,616",122,"3,790,156,078","5,703,040,921","52,728,392","576,002,590",4,3,0,0,1,0,0,7,proceed,cancel,2023-12-07 20:24:24.000,2023-12-15 07:49:55.000,3,3,1,0,2,2023-12-06 18:52:51,2023,12
6,24,INC47889849,"140,946,784",105,"5,848,267,268","5,848,267,268","76,615,600","-99,999",3,3,0,0,0,0,0,29,proceed,cancel,2023-12-06 19:23:13.000,2023-12-14 07:47:32.000,3,3,1,0,2,2023-12-06 15:05:09,2023,12
6,24,INC47890040,"140,946,784",105,"5,848,267,268","5,848,267,268","80,859,673","-99,999",3,3,0,0,0,0,0,7,proceed,cancel,2023-12-06 16:53:13.000,2023-12-14 07:47:34.000,3,3,1,0,2,2023-12-06 15:17:06,2023,12
6,24,INC47884135,"140,946,784",105,"5,848,267,268","5,848,267,268","76,615,600","-99,999",3,5,0,0,0,0,0,10,proceed,cancel,2023-12-05 21:53:16.000,2023-12-08 09:12:21.000,3,3,1,0,2,2023-12-05 20:49:00,2023,12
6,31,INC47886654,"140,946,784",16,"6,293,179,578","5,583,924,682","41,927,742","-99,999",10,3,0,0,2,0,0,11,proceed,cancel,2023-12-06 22:11:56.000,2023-12-14 07:47:29.000,3,3,1,0,2,2023-12-06 06:37:49,2023,12
6,24,INC47885214,"140,946,784",105,"5,848,267,268","5,848,267,268","80,859,673","-99,999",3,3,0,0,0,0,0,8,proceed,cancel,2023-12-05 23:53:19.000,2023-12-09 08:07:03.000,3,3,1,0,2,2023-12-05 22:43:58,2023,12
6,31,INC47875803,"140,946,784",16,"5,916,170,592","6,293,179,578","76,615,600","-99,999",10,3,0,0,3,0,0,16,proceed,cancel,2023-12-09 01:49:58.000,2023-12-09 01:53:20.000,3,3,1,0,2,2023-12-05 07:31:17,2023,12
6,24,INC47876238,"266,226,194",121,"6,817,328,378","6,867,816,743","103,830,082","569,276,714",10,3,0,1,3,1,0,48,proceed,cancel,2023-12-07 17:56:17.000,2023-12-11 09:07:29.000,3,3,1,0,2,2023-12-05 10:17:14,2023,12
6,24,INC47879681,"266,226,194",121,"6,313,447,475","6,817,329,420","103,830,082","569,276,714",2,3,0,0,1,1,0,20,proceed,cancel,2023-12-11 17:54:34.000,2023-12-11 17:54:54.000,3,3,1,0,2,2023-12-05 16:01:35,2023,12
6,24,INC47876007,"140,946,784",105,"5,848,267,268","5,848,267,268","80,859,673","-99,999",3,3,0,0,0,0,0,8,proceed,cancel,2023-12-06 02:53:13.000,2023-12-09 08:04:36.000,3,3,1,0,2,2023-12-05 09:02:49,2023,12
6,24,INC47877132,"266,226,194",121,"6,200,018,870","6,313,447,475","103,974,889","569,255,282",6,3,0,1,2,0,0,23,proceed,cancel,2023-12-08 13:46:51.000,2023-12-12 09:21:07.000,3,3,1,0,2,2023-12-05 13:02:10,2023,12
6,31,INC47877512,"266,226,194",122,"6,867,816,819","6,867,816,819","103,830,082","569,354,765",7,3,0,0,1,0,0,10,proceed,cancel,2023-12-05 14:56:28.000,2023-12-09 07:57:00.000,3,3,1,0,2,2023-12-05 13:36:46,2023,12
6,24,INC47881857,"266,226,194",121,"3,790,156,078","6,867,816,743","103,830,082","569,458,310",10,3,0,1,1,1,0,32,proceed,cancel,2023-12-18 19:45:46.000,2023-12-22 08:01:31.000,3,3,1,0,2,2023-12-05 18:10:33,2023,12
6,31,INC47883057,"166,126,616",122,"5,936,352,761","6,059,124,548","79,181,792","572,649,035",10,3,0,0,1,0,0,6,proceed,cancel,2023-12-05 20:57:18.000,2023-12-13 08:44:00.000,3,3,1,0,2,2023-12-05 19:32:44,2023,12
6,24,INC47876144,"266,226,194",121,"3,790,156,078","6,817,328,029","103,830,082","569,276,714",10,3,0,0,1,1,0,62,proceed,cancel,2023-12-26 15:39:44.000,2023-12-30 07:38:22.000,3,3,1,1,2,2023-12-05 09:30:29,2023,12
6,24,INC47880407,"266,226,194",121,"3,790,156,078","6,817,331,932","103,830,084","569,327,093",10,3,0,1,2,1,0,21,proceed,cancel,2023-12-05 19:21:24.000,2023-12-09 07:57:11.000,3,3,1,0,2,2023-12-05 16:48:48,2023,12
6,31,INC47881914,"266,226,194",122,"3,790,156,078","6,817,328,029","103,830,082","569,423,677",10,3,0,1,1,1,0,14,proceed,cancel,2023-12-08 17:19:26.000,2023-12-12 09:21:09.000,3,3,1,0,2,2023-12-05 18:15:37,2023,12
6,31,INC47883125,"166,126,616",16,"2,438,429,805","2,438,429,805","52,729,432","571,333,591",6,3,0,1,0,0,0,3,proceed,cancel,2023-12-05 19:38:09.000,2023-12-13 08:44:00.000,3,3,1,0,2,2023-12-05 19:37:12,2023,12
6,24,INC47879458,"140,946,784",105,"5,848,267,268","5,848,267,268","80,859,673","-99,999",3,3,0,0,0,0,0,21,proceed,cancel,2023-12-05 18:23:14.000,2023-12-15 07:47:09.000,3,3,1,0,2,2023-12-05 15:48:48,2023,12
6,24,INC47881332,"266,226,194",121,"6,838,119,269","6,867,816,743","103,830,082","569,465,840",6,3,0,1,1,1,0,26,proceed,cancel,2023-12-06 15:17:57.000,2023-12-10 10:25:51.000,3,3,1,0,2,2023-12-05 17:36:20,2023,12
6,24,INC47880731,"140,946,784",105,"5,848,267,268","6,345,982,539","61,667,736","-99,999",3,3,0,0,0,0,0,13,proceed,cancel,2023-12-09 08:25:13.000,2023-12-09 08:25:33.000,3,3,1,0,2,2023-12-05 17:07:59,2023,12
6,24,INC47876369,"140,946,784",105,"5,848,267,268","5,848,267,268","76,615,600","-99,999",3,3,0,0,0,0,0,7,proceed,cancel,2023-12-05 12:23:13.000,2023-12-13 07:53:55.000,3,3,1,0,2,2023-12-05 10:58:55,2023,12
6,24,INC48008544,"140,946,784",105,"5,848,267,268","6,293,179,578","76,615,600","-99,999",3,3,0,0,0,0,0,20,proceed,cancel,2023-12-22 05:30:27.000,2023-12-22 05:32:38.000,3,3,1,0,2,2023-12-21 09:09:25,2023,12
6,24,INC48016448,"166,126,616",121,"6,842,456,985","5,703,037,892","52,728,393","215,070,509",2,5,0,0,1,0,0,6,proceed,cancel,2023-12-29 18:55:23.000,2024-01-06 07:41:06.000,3,3,1,0,2,2023-12-22 02:24:02,2023,12
6,31,INC48011775,"166,126,616",16,"6,879,207,603","5,703,040,921","52,728,392","571,300,385",10,3,0,0,1,1,0,6,proceed,cancel,2023-12-29 12:58:54.000,2024-01-06 07:41:06.000,3,3,1,0,2,2023-12-21 16:30:08,2023,12
6,31,INC48011830,"266,226,194",122,"3,790,156,078","6,867,816,743","103,830,082","569,477,375",4,3,0,1,1,1,0,13,proceed,cancel,2024-01-11 16:29:56.000,2024-01-15 09:05:59.000,3,3,1,0,2,2023-12-21 16:34:07,2023,12
6,31,INC48015027,"140,946,784",52,"6,218,754,222","6,230,797,880","61,667,736","-99,999",10,3,0,0,4,0,0,83,proceed,cancel,2024-01-24 23:07:35.000,2024-01-24 23:07:55.000,3,3,1,0,2,2023-12-21 21:09:56,2023,12
6,24,INC48009011,"140,946,784",105,"5,848,267,268","5,848,267,268","76,615,600","-99,999",3,3,0,0,2,0,0,13,proceed,cancel,2023-12-21 21:23:13.000,2023-12-29 07:21:25.000,3,3,1,0,2,2023-12-21 12:31:07,2023,12
6,31,INC48013003,"166,126,616",122,"5,788,662,360","2,438,429,805","52,729,432","215,107,213",10,3,0,1,0,0,0,3,proceed,cancel,2023-12-21 17:55:53.000,2023-12-29 07:25:38.000,3,3,1,0,2,2023-12-21 17:52:43,2023,12
6,31,INC48022700,"266,226,194",122,"5,802,967,307","6,838,119,269","103,974,889","569,388,847",6,3,0,1,2,1,0,22,proceed,cancel,2023-12-29 16:40:23.000,2024-01-02 08:43:49.000,3,3,1,0,2,2023-12-23 00:49:53,2023,12
6,31,INC48053504,"266,226,194",122,"6,799,802,581","6,799,802,581","103,974,889","569,296,391",6,3,0,1,0,1,0,5,proceed,cancel,2023-12-29 21:42:15.000,2024-01-02 08:43:54.000,3,3,1,0,2,2023-12-29 20:50:15,2023,12
6,24,INC48050945,"166,126,616",121,"3,141,987,178","5,802,727,114","52,728,393","571,423,726",6,3,0,0,2,1,0,10,proceed,cancel,2024-01-05 16:55:13.000,2024-01-13 08:00:02.000,3,3,1,0,2,2023-12-29 15:32:26,2023,12
6,31,INC48050848,"166,126,616",122,"5,936,352,761","5,703,040,921","52,728,392","333,108,108",10,3,0,0,1,1,0,6,proceed,cancel,2023-12-29 17:51:57.000,2024-01-06 07:41:12.000,3,3,1,0,2,2023-12-29 15:21:22,2023,12
6,31,INC48054449,"166,126,616",122,"5,703,040,659","5,703,040,921","52,728,392","572,579,338",10,3,0,0,1,1,0,9,proceed,cancel,2023-12-31 12:27:28.000,2024-01-08 09:09:11.000,3,3,1,0,2,2023-12-30 00:32:56,2023,12
6,24,INC48053320,"140,946,784",105,"5,848,267,268","5,848,267,268","80,859,673","-99,999",3,3,0,0,0,0,0,388,proceed,cancel,2024-01-02 06:23:13.000,2024-01-17 07:59:14.000,3,3,1,0,2,2023-12-29 20:21:14,2023,12
6,24,INC48053657,"140,946,784",105,"5,848,267,268","5,848,267,268","76,615,600","-99,999",3,3,0,0,0,0,0,7,proceed,cancel,2023-12-30 22:23:13.000,2024-01-07 07:34:43.000,3,3,1,0,2,2023-12-29 21:14:51,2023,12
6,31,INC48050819,"166,126,616",16,"5,703,041,013","6,877,023,618","52,728,391","571,423,726",10,3,0,0,2,1,0,11,proceed,cancel,2024-01-03 17:39:01.000,2024-01-11 08:31:41.000,3,3,1,0,2,2023-12-29 15:18:33,2023,12
6,24,INC48054503,"166,126,616",121,"5,759,423,830","6,016,140,447","52,728,392","561,183,411",6,3,0,0,1,1,0,5,proceed,cancel,2023-12-31 02:28:57.000,2024-01-07 07:38:21.000,3,3,1,0,2,2023-12-30 01:02:40,2023,12
6,24,INC48054887,"140,946,784",105,"5,848,267,268","5,848,267,268","76,615,600","-99,999",3,5,0,0,0,0,0,17,proceed,cancel,2023-12-30 22:23:13.000,2024-01-07 07:34:44.000,3,3,1,0,2,2023-12-30 04:52:42,2023,12
6,24,INC48055330,"140,946,784",105,"5,848,267,268","5,848,267,268","80,859,673","-99,999",3,3,0,0,0,0,0,9,proceed,cancel,2023-12-31 17:53:13.000,2024-01-01 10:33:58.000,3,3,1,0,2,2023-12-30 11:31:23,2023,12
6,24,INC48054660,"140,946,784",105,"5,848,267,268","6,345,982,539","61,667,736","-99,999",3,3,0,0,0,0,0,15,proceed,cancel,2023-12-30 11:23:39.000,2023-12-30 11:23:57.000,3,3,1,0,2,2023-12-30 02:18:43,2023,12
6,31,INC48052990,"166,126,616",16,"5,703,041,013","6,877,023,618","52,728,391","571,423,726",10,3,0,0,2,1,0,11,proceed,cancel,2024-01-03 17:36:58.000,2024-01-11 08:31:42.000,3,3,1,0,2,2023-12-29 19:36:58,2023,12
6,24,INC48049823,"166,126,616",121,"6,853,836,737","5,703,040,921","52,728,392","572,517,552",6,3,0,0,1,0,0,8,proceed,cancel,2024-01-02 14:13:57.000,2024-01-10 09:17:30.000,3,3,1,0,2,2023-12-29 13:14:30,2023,12
6,24,INC48049892,"140,946,784",105,"5,848,267,268","5,848,267,268","76,615,600","-99,999",3,5,0,0,0,0,0,10,proceed,cancel,2024-01-02 01:23:14.000,2024-01-02 15:29:33.000,3,3,1,0,2,2023-12-29 13:24:09,2023,12
6,24,INC48049886,"140,946,784",105,"5,848,267,268","6,345,982,539","76,615,600","-99,999",3,3,0,0,0,0,0,22,proceed,cancel,2024-01-02 15:28:55.000,2024-01-02 15:29:21.000,3,3,1,0,2,2023-12-29 13:23:30,2023,12
6,24,INC48052997,"166,126,616",51,"5,703,041,156","6,819,139,276","52,729,432","572,501,976",10,3,0,1,0,0,0,12,proceed,cancel,2024-01-08 13:25:00.000,2024-01-16 09:06:50.000,3,3,1,0,2,2023-12-29 19:37:10,2023,12
6,24,INC48050214,"140,946,784",105,"5,848,267,268","5,848,267,268","80,859,673","-99,999",3,3,0,0,0,0,0,8,proceed,cancel,2023-12-29 16:23:14.000,2024-01-06 07:38:53.000,3,3,1,0,2,2023-12-29 14:13:04,2023,12
6,24,INC47848055,"166,126,616",121,"6,657,495,061","4,536,264,761","52,729,432","591,460,505",10,3,0,1,0,1,0,7,proceed,cancel,2023-12-01 15:37:59.000,2023-12-09 07:47:38.000,3,3,1,0,2,2023-12-01 01:56:51,2023,12
6,24,INC47999747,"140,946,784",105,"5,848,267,268","5,848,267,268","80,859,673","-99,999",3,3,0,0,0,0,0,9,proceed,cancel,2023-12-20 10:23:13.000,2023-12-28 07:37:19.000,3,3,1,0,2,2023-12-20 08:44:11,2023,12
6,24,INC47923143,"140,946,784",105,"5,848,267,268","5,848,267,268","61,667,736","-99,999",3,3,0,0,0,0,0,9,proceed,cancel,2023-12-11 13:23:14.000,2023-12-19 08:04:21.000,3,3,1,0,2,2023-12-11 11:49:21,2023,12
6,24,INC47929157,"140,946,784",105,"5,848,267,268","5,848,267,268","80,859,673","-99,999",3,3,0,0,0,0,0,12,proceed,cancel,2023-12-11 19:23:16.000,2023-12-19 08:04:25.000,3,3,1,0,2,2023-12-11 17:56:49,2023,12
6,31,INC47932563,"266,226,194",122,"3,790,156,078","6,817,328,779","103,830,082","569,393,051",10,3,0,0,1,1,0,13,proceed,cancel,2023-12-12 15:00:54.000,2023-12-16 08:02:15.000,3,3,1,0,2,2023-12-11 22:20:08,2023,12
6,24,INC47923251,"266,226,194",121,"3,790,156,078","6,799,802,581","103,974,889","569,373,568",10,3,0,1,0,1,0,9,proceed,cancel,2023-12-12 21:33:19.000,2023-12-15 07:59:36.000,3,3,1,0,2,2023-12-11 12:17:32,2023,12
6,24,INC47933374,"140,946,784",105,"5,848,267,268","5,848,267,268","61,667,736","-99,999",3,3,0,0,0,0,0,8,proceed,cancel,2023-12-12 17:53:14.000,2023-12-16 07:31:17.000,3,3,1,0,2,2023-12-12 00:41:26,2023,12
6,31,INC47924649,"166,126,616",122,"5,992,191,024","5,992,191,024","79,181,792","571,323,435",10,3,0,0,2,1,0,7,proceed,cancel,2024-01-30 19:27:18.000,2024-02-07 09:02:00.000,3,3,1,0,2,2023-12-11 14:29:58,2023,12
6,24,INC47933243,"140,946,784",105,"5,848,267,268","6,345,982,539","61,667,736","-99,999",3,3,0,0,0,0,0,10,proceed,cancel,2023-12-16 07:30:52.000,2023-12-16 07:31:13.000,3,3,1,0,2,2023-12-12 00:09:17,2023,12
6,24,INC47932583,"266,226,194",121,"6,352,927,241","6,867,816,819","103,830,082","569,296,391",6,3,0,0,1,1,0,15,proceed,cancel,2023-12-18 15:34:09.000,2023-12-22 08:01:34.000,3,3,1,0,2,2023-12-11 22:22:52,2023,12
6,24,INC47931544,"140,946,784",105,"5,848,267,268","5,848,267,268","76,615,600","-99,999",3,5,0,0,0,0,0,12,proceed,cancel,2023-12-11 23:53:14.000,2023-12-19 08:04:26.000,3,3,1,0,2,2023-12-11 20:42:27,2023,12
6,24,INC47932445,"140,946,784",105,"5,848,267,268","5,848,267,268","80,859,673","-99,999",3,3,0,0,0,0,0,30,proceed,cancel,2023-12-12 05:53:13.000,2023-12-19 08:04:28.000,3,3,1,0,2,2023-12-11 22:04:50,2023,12
6,24,INC47924318,"266,226,194",51,"3,790,156,078","6,867,816,743","103,830,082","569,316,744",10,3,0,1,1,1,0,17,proceed,cancel,2023-12-11 15:12:57.000,2023-12-15 07:59:25.000,3,3,1,0,2,2023-12-11 14:08:34,2023,12
6,31,INC47925938,"266,226,194",122,"3,790,156,078","6,867,816,743","103,830,082","569,442,790",10,3,0,1,1,1,0,20,proceed,cancel,2023-12-12 19:49:49.000,2023-12-16 08:02:11.000,3,3,1,0,2,2023-12-11 15:21:30,2023,12
6,31,INC47923598,"266,226,194",16,"6,304,994,586","6,313,447,475","103,974,889","569,280,921",6,3,0,1,0,1,0,8,proceed,cancel,2023-12-11 13:58:24.000,2023-12-15 07:59:23.000,3,3,1,0,2,2023-12-11 13:03:49,2023,12
6,31,INC47927150,"266,226,194",16,"6,817,328,779","6,817,328,779","103,830,082","569,471,010",7,3,0,0,1,0,0,10,proceed,cancel,2023-12-14 17:22:16.000,2023-12-18 08:52:17.000,3,3,1,0,2,2023-12-11 16:24:55,2023,12
6,31,INC47930402,"166,126,616",16,"2,438,429,805","2,438,429,805","52,729,432","572,641,293",6,3,0,1,0,0,0,2,proceed,cancel,2023-12-11 19:20:41.000,2023-12-19 08:50:47.000,3,3,1,0,2,2023-12-11 19:19:39,2023,12
6,24,INC47922821,"140,946,784",105,"5,848,267,268","5,848,267,268","76,615,600","-99,999",3,3,0,0,0,0,0,7,proceed,cancel,2023-12-11 11:53:13.000,2023-12-19 03:54:49.000,3,3,1,0,2,2023-12-11 09:47:17,2023,12
6,31,INC47930779,"166,126,616",122,"6,775,077,883","5,703,038,618","52,728,391","571,419,514",10,3,0,0,1,1,0,6,proceed,cancel,2023-12-12 15:33:11.000,2023-12-20 08:26:37.000,3,3,1,0,2,2023-12-11 19:44:45,2023,12
6,24,INC47923501,"266,226,194",121,"6,838,119,269","6,838,119,269","103,974,889","569,339,171",6,3,0,1,0,1,0,6,proceed,cancel,2023-12-11 13:05:35.000,2023-12-15 07:59:23.000,3,3,1,0,2,2023-12-11 12:52:35,2023,12
6,24,INC47923124,"140,946,784",105,"5,848,267,268","5,848,267,268","61,667,736","-99,999",3,3,0,0,0,0,0,9,proceed,cancel,2023-12-11 13:23:15.000,2023-12-19 08:04:13.000,3,3,1,0,2,2023-12-11 11:46:57,2023,12
6,31,INC47927272,"266,226,194",16,"6,817,328,779","6,817,328,779","103,830,082","569,471,010",7,3,0,0,1,0,0,8,proceed,cancel,2023-12-11 16:31:43.000,2023-12-15 07:59:30.000,3,3,1,0,2,2023-12-11 16:29:26,2023,12
6,31,INC47925235,"166,126,616",122,"5,936,352,761","6,059,124,548","79,181,792","576,164,409",10,3,0,0,1,1,0,6,proceed,cancel,2023-12-11 18:03:54.000,2023-12-19 08:50:45.000,3,3,1,0,2,2023-12-11 15:04:57,2023,12
6,24,INC47886459,"140,946,784",105,"5,848,267,268","5,848,267,268","80,859,673","-99,999",3,3,0,0,0,0,0,15,proceed,cancel,2023-12-06 07:23:13.000,2023-12-14 07:47:28.000,3,3,1,0,2,2023-12-06 05:36:59,2023,12
6,24,INC47949591,"140,946,784",105,"5,848,267,268","6,345,982,539","61,667,736","-99,999",3,3,0,0,0,0,0,15,proceed,cancel,2023-12-16 07:37:51.000,2023-12-16 07:39:47.000,3,3,1,0,2,2023-12-13 18:18:07,2023,12
6,24,INC47880702,"266,226,194",121,"6,838,119,269","6,867,816,819","103,830,082","569,465,840",6,3,0,0,1,1,0,19,proceed,cancel,2023-12-05 20:42:47.000,2023-12-09 07:57:13.000,3,3,1,0,2,2023-12-05 17:06:14,2023,12
6,31,INC47876859,"140,946,784",16,"6,345,982,539","6,345,982,539","76,615,600","-99,999",10,3,0,0,3,0,0,32,proceed,cancel,2023-12-12 13:06:54.000,2023-12-12 13:07:14.000,3,3,1,0,2,2023-12-05 12:25:45,2023,12
6,24,INC47880728,"266,226,194",121,"6,867,623,373","6,817,329,420","103,830,082","569,408,996",6,3,0,0,1,1,0,29,proceed,cancel,2023-12-08 18:28:13.000,2023-12-08 18:28:27.000,3,3,1,0,2,2023-12-05 17:07:52,2023,12
6,24,INC47877261,"140,946,784",105,"5,848,267,268","5,848,267,268","76,615,600","-99,999",3,3,0,0,0,0,0,7,proceed,cancel,2023-12-05 16:23:13.000,2023-12-13 07:54:00.000,3,3,1,0,2,2023-12-05 13:15:06,2023,12
6,24,INC47884214,"140,946,784",105,"5,848,267,268","5,848,267,268","80,859,673","-99,999",3,3,0,0,0,0,0,8,proceed,cancel,2023-12-05 22:23:18.000,2023-12-08 09:12:20.000,3,3,1,0,2,2023-12-05 20:55:49,2023,12
6,24,INC47882341,"140,946,784",105,"5,848,267,268","5,848,267,268","80,859,673","-99,999",3,3,0,0,0,0,0,15,proceed,cancel,2023-12-05 20:53:16.000,2023-12-13 07:54:08.000,3,3,1,0,2,2023-12-05 18:44:53,2023,12
6,24,INC47877223,"140,946,784",105,"5,848,267,268","5,848,267,268","80,859,673","-99,999",3,5,0,0,0,0,0,11,proceed,cancel,2023-12-05 14:23:14.000,2023-12-13 07:53:59.000,3,3,1,0,2,2023-12-05 13:11:45,2023,12
6,24,INC47876544,"266,226,194",121,"6,817,328,380","-99,999","103,974,889","569,276,714",10,3,0,0,0,1,0,14,proceed,cancel,2023-12-11 09:07:43.000,2023-12-11 09:07:43.000,3,3,1,0,2,2023-12-05 11:36:38,2023,12
6,31,INC47877494,"266,226,194",52,"6,867,816,819","6,867,816,819","103,830,082","569,361,987",7,3,0,0,1,1,0,12,proceed,cancel,2023-12-05 15:28:06.000,2023-12-09 07:56:59.000,3,3,1,1,2,2023-12-05 13:35:25,2023,12
6,31,INC47882861,"166,126,616",122,"5,703,039,248","6,016,140,447","52,728,391","215,060,468",10,3,0,0,2,1,0,6,proceed,cancel,2023-12-13 22:38:41.000,2023-12-21 08:31:55.000,3,3,1,0,2,2023-12-05 19:18:33,2023,12
6,24,INC47877272,"266,226,194",121,"3,790,156,078","6,817,329,420","103,830,082","569,473,206",10,3,0,0,1,1,0,19,proceed,cancel,2023-12-08 17:51:18.000,2023-12-08 17:51:26.000,3,3,1,0,2,2023-12-05 13:15:21,2023,12
6,24,INC47882428,"266,226,194",121,"3,790,156,078","6,817,329,420","103,830,082","569,473,206",10,3,0,0,1,1,0,19,proceed,cancel,2023-12-07 20:05:32.000,2023-12-07 20:05:51.000,3,3,1,0,2,2023-12-05 18:50:40,2023,12
6,24,INC47876006,"140,946,784",105,"5,848,267,268","5,848,267,268","80,859,673","-99,999",3,3,0,0,0,0,0,8,proceed,cancel,2023-12-06 02:53:13.000,2023-12-09 08:04:37.000,3,3,1,0,2,2023-12-05 09:02:47,2023,12
6,24,INC47884218,"140,946,784",105,"5,848,267,268","5,848,267,268","80,859,673","-99,999",3,3,0,0,0,0,0,8,proceed,cancel,2023-12-05 22:23:18.000,2023-12-08 09:12:23.000,3,3,1,0,2,2023-12-05 20:55:52,2023,12
6,24,INC47884401,"166,126,616",121,"5,759,423,830","5,703,040,455","52,728,392","571,456,192",6,5,0,0,1,1,0,5,proceed,cancel,2023-12-05 21:35:46.000,2023-12-13 08:44:01.000,2,3,1,0,2,2023-12-05 21:12:54,2023,12
6,24,INC47876185,"140,946,784",105,"5,848,267,268","5,848,267,268","76,615,600","-99,999",3,3,0,0,0,0,0,8,proceed,cancel,2023-12-05 11:23:14.000,2023-12-15 07:47:08.000,3,3,1,0,2,2023-12-05 09:47:45,2023,12
6,24,INC47884172,"140,946,784",105,"5,848,267,268","5,848,267,268","80,859,673","-99,999",3,5,0,0,0,0,0,9,proceed,cancel,2023-12-05 22:23:18.000,2023-12-08 09:12:22.000,3,3,1,0,2,2023-12-05 20:53:08,2023,12
6,31,INC47876923,"266,226,194",16,"3,790,156,078","6,247,695,725","103,974,889","569,280,921",10,3,0,1,0,1,0,5,proceed,cancel,2023-12-05 19:15:56.000,2023-12-09 07:56:58.000,3,3,1,0,2,2023-12-05 12:34:57,2023,12
6,24,INC47875991,"140,946,784",105,"5,848,267,268","5,848,267,268","80,859,673","-99,999",3,5,0,0,0,0,0,8,proceed,cancel,2023-12-06 02:53:14.000,2023-12-09 08:04:33.000,3,3,1,0,2,2023-12-05 08:57:46,2023,12
6,24,INC47875990,"140,946,784",105,"5,848,267,268","6,345,982,539","80,859,673","-99,999",3,3,0,0,0,0,0,15,proceed,cancel,2023-12-09 08:03:56.000,2023-12-09 08:04:17.000,3,3,1,0,2,2023-12-05 08:57:45,2023,12
6,31,INC47883295,"166,126,616",122,"541,413","5,703,040,455","52,728,392","571,456,192",6,3,0,0,1,1,0,7,proceed,cancel,2023-12-05 20:39:45.000,2023-12-13 08:44:01.000,3,3,1,0,2,2023-12-05 19:51:06,2023,12
6,31,INC47876272,"140,946,784",122,"6,116,482,150","6,293,179,578","76,615,600","-99,999",10,3,0,0,3,0,0,21,proceed,cancel,2023-12-06 09:49:24.000,2023-12-06 09:50:37.000,3,3,1,0,2,2023-12-05 10:37:41,2023,12
6,24,INC47879204,"140,946,784",105,"5,848,267,268","5,848,267,268","76,615,600","-99,999",3,3,0,0,0,0,0,7,proceed,cancel,2023-12-05 19:53:14.000,2023-12-13 07:54:04.000,3,3,1,0,2,2023-12-05 15:35:09,2023,12
6,24,INC47877722,"166,126,616",121,"-99,999","5,703,040,921","52,728,392","412,084,640",10,3,0,0,1,1,0,11,proceed,cancel,2023-12-05 18:05:25.000,2023-12-13 08:43:57.000,3,3,1,0,2,2023-12-05 13:54:38,2023,12
6,24,INC47880210,"266,226,194",121,"6,313,447,475","6,313,447,475","103,974,889","569,296,391",6,3,0,1,0,1,0,9,proceed,cancel,2023-12-06 14:08:35.000,2023-12-10 10:25:48.000,3,3,1,0,2,2023-12-05 16:35:08,2023,12
6,31,INC47877330,"140,946,784",52,"6,218,754,222","6,293,179,578","76,615,600","-99,999",10,3,0,0,1,0,0,10,proceed,cancel,2023-12-06 07:09:40.000,2023-12-06 07:09:58.000,3,3,1,0,2,2023-12-05 13:20:37,2023,12
6,25,INC47880256,"266,226,194",63,"6,838,119,269","6,838,119,269","103,974,889","569,255,098",6,3,0,1,0,1,0,5,proceed,cancel,2023-12-05 16:52:51.000,2023-12-09 07:57:10.000,3,3,1,0,2,2023-12-05 16:38:25,2023,12
6,25,INC47879251,"266,226,194",63,"3,790,156,078","5,793,903,899","103,974,889","569,255,098",10,3,0,1,0,1,0,5,proceed,cancel,2023-12-05 15:48:09.000,2023-12-09 07:57:07.000,3,3,1,0,2,2023-12-05 15:37:36,2023,12
6,24,INC47881244,"266,226,194",121,"3,790,156,078","6,817,331,932","103,830,084","569,327,093",10,3,0,1,2,1,0,20,proceed,cancel,2023-12-05 19:22:25.000,2023-12-09 07:57:15.000,3,3,1,0,2,2023-12-05 17:31:15,2023,12
6,24,INC47884435,"140,946,784",105,"5,848,267,268","5,848,267,268","76,615,600","-99,999",3,5,0,0,0,0,0,8,proceed,cancel,2023-12-05 22:23:18.000,2023-12-08 09:12:24.000,3,3,1,0,2,2023-12-05 21:15:49,2023,12
6,31,INC47880687,"166,126,616",122,"2,438,429,805","6,197,463,044","52,728,393","572,501,976",2,3,0,0,1,0,0,5,proceed,cancel,2023-12-05 21:33:58.000,2023-12-13 08:43:58.000,3,3,1,0,2,2023-12-05 17:05:31,2023,12
6,24,INC47876425,"266,226,194",121,"6,304,994,586","6,264,845,105","103,974,889","569,465,840",6,3,0,1,2,1,0,17,proceed,cancel,2023-12-05 13:56:16.000,2023-12-09 07:56:55.000,3,3,1,0,2,2023-12-05 11:25:24,2023,12
6,24,INC47878713,"140,946,784",105,"5,848,267,268","5,848,267,268","76,615,600","-99,999",3,3,0,0,0,0,0,13,proceed,cancel,2023-12-05 18:23:14.000,2023-12-13 07:54:01.000,3,3,1,0,2,2023-12-05 15:04:46,2023,12
6,24,INC47878912,"266,226,194",121,"3,790,156,078","6,817,331,932","103,830,084","569,257,950",10,3,0,1,1,1,0,12,proceed,cancel,2023-12-05 19:50:19.000,2023-12-09 07:57:04.000,3,3,1,0,2,2023-12-05 15:17:26,2023,12
6,31,INC47877571,"266,226,194",122,"6,867,816,819","6,867,816,819","103,830,082","569,354,765",7,3,0,0,1,0,0,10,proceed,cancel,2023-12-06 17:12:39.000,2023-12-10 10:25:48.000,3,3,1,0,2,2023-12-05 13:41:20,2023,12
6,24,INC47883325,"166,126,616",121,"3,503,348,459","5,703,040,455","52,728,392","561,183,411",6,3,0,0,1,1,0,5,proceed,cancel,2023-12-05 20:27:00.000,2023-12-13 08:44:01.000,3,3,1,0,2,2023-12-05 19:52:58,2023,12
6,24,INC47884433,"140,946,784",105,"5,848,267,268","5,848,267,268","61,667,736","-99,999",3,5,0,0,0,0,0,7,proceed,cancel,2023-12-07 18:23:13.000,2023-12-15 07:47:10.000,3,3,1,0,2,2023-12-05 21:15:18,2023,12
6,24,INC47877610,"266,226,194",121,"3,790,156,078","6,264,845,105","103,974,889","569,311,341",10,3,0,1,0,1,0,10,proceed,cancel,2023-12-05 15:36:24.000,2023-12-09 07:57:02.000,3,3,1,0,2,2023-12-05 13:45:04,2023,12
6,24,INC47886242,"140,946,784",105,"5,848,267,268","5,848,267,268","80,859,673","-99,999",3,3,0,0,0,0,0,9,proceed,cancel,2023-12-06 04:53:13.000,2023-12-09 08:15:25.000,3,3,1,0,2,2023-12-06 03:34:04,2023,12
6,24,INC47884431,"140,946,784",105,"5,848,267,268","5,848,267,268","76,615,600","-99,999",3,5,0,0,0,0,0,11,proceed,cancel,2023-12-06 22:23:14.000,2023-12-14 07:47:24.000,3,3,1,0,2,2023-12-05 21:15:14,2023,12
6,24,INC47885498,"166,126,616",51,"5,759,423,830","5,703,040,455","52,728,392","215,097,313",6,5,0,0,1,1,0,6,proceed,cancel,2023-12-06 18:43:10.000,2023-12-14 08:26:02.000,2,3,1,0,2,2023-12-05 23:40:22,2023,12
6,24,INC47880815,"140,946,784",105,"5,848,267,268","5,848,267,268","61,667,736","-99,999",3,3,0,0,0,0,0,7,proceed,cancel,2023-12-05 21:53:16.000,2023-12-09 08:25:45.000,3,3,1,0,2,2023-12-05 17:12:51,2023,12
6,24,INC47877511,"266,226,194",121,"6,264,845,105","6,264,845,105","103,974,889","569,381,099",6,3,0,1,0,1,0,12,proceed,cancel,2023-12-05 14:19:19.000,2023-12-09 07:57:00.000,3,3,1,0,2,2023-12-05 13:36:38,2023,12
6,31,INC47884814,"266,226,194",122,"3,790,156,078","6,867,816,743","103,830,082","569,255,282",10,3,0,1,1,0,0,11,proceed,cancel,2023-12-06 20:12:39.000,2023-12-10 10:25:54.000,3,3,1,0,2,2023-12-05 21:51:38,2023,12
6,24,INC47878036,"266,226,194",121,"6,313,447,475","6,867,816,743","103,830,082","569,411,998",6,3,0,1,1,0,0,15,proceed,cancel,2023-12-05 18:49:31.000,2023-12-09 07:57:03.000,3,3,1,0,2,2023-12-05 14:19:45,2023,12
6,31,INC47879209,"266,226,194",52,"6,867,816,819","6,867,816,819","103,830,082","569,361,987",7,3,0,0,1,1,0,10,proceed,cancel,2023-12-05 16:53:32.000,2023-12-09 07:57:06.000,3,3,1,0,2,2023-12-05 15:35:20,2023,12
6,31,INC47877947,"166,126,616",122,"6,172,295,149","6,016,140,447","52,728,391","414,111,943",10,3,0,0,1,1,0,7,proceed,cancel,2023-12-12 15:16:07.000,2023-12-20 08:26:33.000,3,3,1,0,2,2023-12-05 14:11:52,2023,12
6,24,INC47881071,"140,946,784",105,"5,848,267,268","5,848,267,268","76,615,600","-99,999",3,3,0,0,0,0,0,7,proceed,cancel,2023-12-05 18:53:17.000,2023-12-13 07:54:05.000,3,3,1,0,2,2023-12-05 17:20:42,2023,12
6,24,INC47880381,"266,226,194",121,"6,838,119,269","6,867,816,743","103,830,082","569,280,921",6,3,0,1,1,1,0,22,proceed,cancel,2023-12-06 20:39:13.000,2023-12-10 10:25:49.000,3,3,1,0,2,2023-12-05 16:46:59,2023,12
6,31,INC47880401,"266,226,194",122,"3,790,156,078","6,817,331,932","103,830,084","569,327,093",10,3,0,1,2,1,0,32,proceed,cancel,2023-12-05 19:21:05.000,2023-12-09 07:57:10.000,3,3,1,0,2,2023-12-05 16:48:17,2023,12
6,31,INC47881168,"266,226,194",16,"3,790,156,078","5,793,903,899","103,974,889","569,465,840",4,3,0,1,0,1,0,8,proceed,cancel,2023-12-05 18:42:20.000,2023-12-09 07:57:14.000,3,3,1,0,2,2023-12-05 17:25:40,2023,12
6,24,INC47884522,"266,226,194",121,"3,790,156,078","6,867,816,743","103,830,082","569,295,949",10,3,0,1,1,0,0,19,proceed,cancel,2023-12-06 14:27:40.000,2023-12-10 10:25:53.000,3,3,1,0,2,2023-12-05 21:24:19,2023,12
6,24,INC47882193,"266,226,194",121,"6,264,845,105","6,867,816,819","103,830,082","569,354,337",6,3,0,0,1,1,0,15,proceed,cancel,2023-12-06 14:08:26.000,2023-12-10 10:25:52.000,3,3,1,0,2,2023-12-05 18:36:00,2023,12
6,24,INC47881980,"266,226,194",121,"3,790,156,078","6,838,119,269","103,974,889","569,342,112",10,3,0,1,0,1,0,15,proceed,cancel,2023-12-06 16:37:12.000,2023-12-10 10:25:52.000,3,3,1,0,2,2023-12-05 18:20:34,2023,12
6,24,INC47876204,"266,226,194",121,"3,790,156,078","-99,999","103,974,889","569,276,714",10,3,0,0,0,1,0,21,proceed,cancel,2023-12-11 09:07:43.000,2023-12-11 09:07:43.000,3,3,1,0,2,2023-12-05 09:58:11,2023,12
6,24,INC47885213,"140,946,784",105,"5,848,267,268","5,848,267,268","80,859,673","-99,999",3,3,0,0,0,0,0,8,proceed,cancel,2023-12-05 23:53:19.000,2023-12-09 08:07:02.000,3,3,1,0,2,2023-12-05 22:43:56,2023,12
6,31,INC47886450,"140,946,784",16,"6,293,179,578","6,293,179,578","76,615,600","-99,999",10,3,0,0,3,0,0,15,proceed,cancel,2023-12-07 05:59:53.000,2023-12-07 06:00:19.000,3,3,1,0,2,2023-12-06 05:34:33,2023,12
6,24,INC47875997,"140,946,784",105,"5,848,267,268","5,848,267,268","80,859,673","-99,999",3,3,0,0,0,0,0,8,proceed,cancel,2023-12-06 02:53:14.000,2023-12-09 08:04:38.000,3,3,1,0,2,2023-12-05 09:01:34,2023,12
6,24,INC47876719,"140,946,784",105,"5,848,267,268","5,848,267,268","76,615,600","-99,999",3,3,0,0,0,0,0,7,proceed,cancel,2023-12-05 13:23:15.000,2023-12-13 07:53:57.000,3,3,1,0,2,2023-12-05 12:06:56,2023,12
6,24,INC47886233,"140,946,784",105,"5,848,267,268","5,848,267,268","80,859,673","-99,999",3,3,0,0,0,0,0,9,proceed,cancel,2023-12-06 04:53:14.000,2023-12-09 08:15:26.000,3,3,1,0,2,2023-12-06 03:31:46,2023,12
6,24,INC47883411,"166,126,616",121,"6,816,701,351","6,770,881,793","52,728,392","215,117,249",6,3,0,0,2,1,0,11,proceed,cancel,2023-12-09 01:29:27.000,2023-12-16 07:52:07.000,3,3,1,0,2,2023-12-05 19:57:56,2023,12
6,24,INC47885851,"166,126,616",121,"5,759,423,830","5,759,423,830","52,729,432","572,694,952",6,3,0,1,0,0,0,3,proceed,cancel,2023-12-06 01:16:09.000,2023-12-13 08:44:02.000,3,3,1,0,2,2023-12-06 01:02:28,2023,12
6,31,INC47879107,"266,226,194",52,"6,867,816,819","6,867,816,819","103,830,082","569,361,987",7,3,0,1,1,1,0,9,proceed,cancel,2023-12-05 16:52:07.000,2023-12-09 07:57:05.000,3,3,1,0,2,2023-12-05 15:29:53,2023,12
6,24,INC47886105,"140,946,784",105,"5,848,267,268","5,848,267,268","76,615,600","-99,999",3,3,0,0,0,0,0,8,proceed,cancel,2023-12-06 03:53:13.000,2023-12-15 07:47:11.000,3,3,1,0,2,2023-12-06 02:21:51,2023,12
6,24,INC47882296,"166,126,616",121,"5,703,038,854","6,816,701,351","52,729,432","572,517,552",10,3,0,1,0,0,0,10,proceed,cancel,2023-12-08 19:16:37.000,2023-12-16 07:52:07.000,3,3,1,0,2,2023-12-05 18:41:23,2023,12
6,24,INC47882052,"140,946,784",105,"5,848,267,268","5,848,267,268","80,859,673","-99,999",3,3,0,0,0,0,0,7,proceed,cancel,2023-12-05 20:23:13.000,2023-12-13 07:54:07.000,3,3,1,0,2,2023-12-05 18:25:15,2023,12
6,31,INC47882901,"166,126,616",122,"2,438,429,805","2,438,429,805","52,729,432","-99,999",2,3,0,1,0,0,0,2,proceed,cancel,2023-12-05 19:30:08.000,2023-12-13 08:44:00.000,3,3,1,0,2,2023-12-05 19:22:21,2023,12
6,31,INC47881152,"166,126,616",16,"5,527,129,652","5,527,129,652","52,729,432","571,333,591",6,3,0,1,0,0,0,5,proceed,cancel,2023-12-05 17:43:03.000,2023-12-13 08:43:59.000,3,3,1,0,2,2023-12-05 17:24:26,2023,12
6,24,INC47877447,"266,226,194",121,"6,313,447,475","6,313,447,475","103,974,889","569,435,003",6,3,0,1,0,1,0,6,proceed,cancel,2023-12-05 14:07:41.000,2023-12-09 07:56:59.000,3,3,1,0,2,2023-12-05 13:30:33,2023,12
6,31,INC47878223,"266,226,194",52,"6,867,816,819","6,867,816,819","103,830,082","569,308,126",7,3,0,1,1,1,0,10,proceed,cancel,2023-12-05 20:45:33.000,2023-12-09 07:57:04.000,3,3,1,0,2,2023-12-05 14:32:46,2023,12
6,31,INC47880428,"266,226,194",122,"3,790,156,078","6,817,331,932","103,830,084","569,327,093",10,3,0,1,2,1,0,21,proceed,cancel,2023-12-05 19:22:06.000,2023-12-09 07:57:12.000,3,3,1,0,2,2023-12-05 16:49:55,2023,12
6,24,INC47879898,"140,946,784",105,"5,848,267,268","5,848,267,268","80,859,673","-99,999",3,3,0,0,0,0,0,19,proceed,cancel,2023-12-05 18:23:14.000,2023-12-13 07:54:04.000,3,3,1,0,2,2023-12-05 16:14:40,2023,12
6,24,INC47880654,"266,226,194",121,"6,264,845,105","6,817,328,029","103,830,082","569,362,801",6,3,0,1,1,1,0,21,proceed,cancel,2023-12-06 18:25:32.000,2023-12-10 10:25:50.000,3,3,1,0,2,2023-12-05 17:03:19,2023,12
6,31,INC47876134,"266,226,194",16,"6,817,328,342","-99,999","103,830,082","569,276,714",10,3,0,0,3,1,0,53,proceed,cancel,2023-12-11 09:07:44.000,2023-12-11 09:07:44.000,3,3,1,0,2,2023-12-05 09:25:28,2023,12
6,24,INC47884217,"140,946,784",105,"5,848,267,268","5,848,267,268","80,859,673","-99,999",3,3,0,0,0,0,0,8,proceed,cancel,2023-12-05 22:23:18.000,2023-12-08 09:12:26.000,3,3,1,0,2,2023-12-05 20:55:51,2023,12
6,24,INC47884432,"140,946,784",105,"5,848,267,268","5,848,267,268","76,615,600","-99,999",3,5,0,0,0,0,0,19,proceed,cancel,2023-12-06 22:23:14.000,2023-12-14 07:47:25.000,3,3,1,0,2,2023-12-05 21:15:16,2023,12
6,24,INC47880498,"166,126,616",121,"6,819,139,276","5,703,040,455","52,728,392","215,117,249",6,5,0,0,1,1,0,5,proceed,cancel,2023-12-05 20:52:38.000,2023-12-13 08:43:58.000,2,3,1,0,2,2023-12-05 16:55:12,2023,12
6,24,INC47886241,"140,946,784",105,"5,848,267,268","5,848,267,268","80,859,673","-99,999",3,3,0,0,0,0,0,9,proceed,cancel,2023-12-06 04:53:13.000,2023-12-09 08:15:24.000,3,3,1,0,2,2023-12-06 03:34:02,2023,12
6,24,INC47881705,"266,226,194",121,"3,790,156,078","6,867,816,743","103,830,082","569,285,184",10,3,0,1,1,1,0,29,proceed,cancel,2023-12-07 21:22:55.000,2023-12-11 09:07:30.000,3,3,1,0,2,2023-12-05 17:59:21,2023,12
6,25,INC47884917,"266,226,194",63,"3,790,156,078","5,793,903,899","103,974,889","569,255,282",10,3,0,1,0,0,0,7,proceed,cancel,2023-12-06 00:46:10.000,2023-12-09 07:57:17.000,3,3,1,0,2,2023-12-05 22:03:49,2023,12
6,24,INC47876642,"266,226,194",121,"6,200,018,870","6,200,018,870","103,974,889","569,454,137",2,3,0,1,0,1,0,6,proceed,cancel,2023-12-05 12:17:00.000,2023-12-09 07:56:56.000,3,3,1,0,2,2023-12-05 11:51:01,2023,12
6,31,INC47884232,"266,226,194",122,"6,817,328,033","6,817,329,420","103,830,082","569,389,042",4,3,0,0,1,1,0,13,proceed,cancel,2023-12-08 17:24:03.000,2023-12-08 17:24:10.000,3,3,1,0,2,2023-12-05 20:56:36,2023,12
6,31,INC47950463,"266,226,194",122,"6,817,331,315","6,817,331,315","103,974,889","-99,999",4,3,0,0,0,0,0,2,proceed,cancel,2023-12-13 19:28:02.000,2023-12-13 19:28:02.000,3,3,1,0,2,2023-12-13 19:27:23,2023,12
6,31,INC47947617,"140,946,784",122,"6,116,482,150","6,293,179,578","61,667,736","-99,999",10,3,0,0,2,0,0,18,proceed,cancel,2023-12-14 02:43:11.000,2023-12-14 02:43:34.000,3,3,1,0,2,2023-12-13 15:50:15,2023,12
6,24,INC47952947,"140,946,784",105,"5,848,267,268","6,293,179,578","61,667,736","-99,999",3,3,0,0,0,0,0,6,proceed,cancel,2023-12-14 01:40:50.000,2023-12-14 01:41:02.000,3,3,1,0,2,2023-12-14 00:11:07,2023,12
6,31,INC47950332,"166,126,616",52,"5,703,038,310","5,703,041,143","87,971,197","215,137,248",10,3,0,0,1,0,0,6,proceed,cancel,2024-01-05 16:31:00.000,2024-01-13 07:59:58.000,3,3,1,0,2,2023-12-13 19:16:50,2023,12
6,31,INC47945745,"266,226,194",49,"6,867,816,819","6,867,816,819","103,830,082","569,354,765",7,3,0,1,1,0,0,9,proceed,cancel,2023-12-13 16:55:15.000,2023-12-17 09:10:40.000,3,3,1,0,2,2023-12-13 13:14:16,2023,12
6,24,INC47945035,"140,946,784",105,"5,848,267,268","5,848,267,268","76,615,600","-99,999",3,3,0,0,0,0,0,7,proceed,cancel,2023-12-13 11:23:14.000,2023-12-21 07:41:07.000,3,3,1,0,2,2023-12-13 09:55:16,2023,12
6,31,INC47951252,"166,126,616",16,"6,819,139,276","6,770,881,793","52,728,392","571,456,467",6,3,0,0,1,0,0,7,proceed,cancel,2023-12-19 18:45:44.000,2023-12-27 08:24:37.000,3,3,1,0,2,2023-12-13 20:26:16,2023,12
6,24,INC47947067,"140,946,784",105,"5,848,267,268","5,848,267,268","80,859,673","-99,999",3,3,0,0,0,0,0,14,proceed,cancel,2023-12-15 10:53:13.000,2023-12-23 07:39:47.000,3,3,1,0,2,2023-12-13 15:11:55,2023,12
6,24,INC47948374,"266,226,194",121,"6,838,119,269","6,838,119,269","103,974,889","569,246,095",6,3,0,1,0,1,0,20,proceed,cancel,2023-12-18 16:43:18.000,2023-12-22 08:01:37.000,3,3,1,0,2,2023-12-13 16:40:28,2023,12
6,24,INC47953816,"140,946,784",105,"5,848,267,268","5,848,267,268","76,615,600","-99,999",3,3,0,0,0,0,0,7,proceed,cancel,2023-12-14 07:23:14.000,2023-12-19 03:54:47.000,3,3,1,0,2,2023-12-14 06:09:37,2023,12
6,24,INC47953415,"266,226,194",121,"6,799,802,581","6,799,802,581","103,974,889","569,280,921",6,3,0,1,0,1,0,4,proceed,cancel,2023-12-14 02:52:54.000,2023-12-17 09:10:54.000,3,3,1,0,2,2023-12-14 02:41:23,2023,12
6,24,INC47945713,"140,946,784",105,"5,848,267,268","5,848,267,268","80,859,673","-99,999",3,5,0,0,0,0,0,13,proceed,cancel,2023-12-13 18:23:14.000,2023-12-21 07:41:10.000,3,3,1,0,2,2023-12-13 13:10:36,2023,12
6,24,INC47949859,"266,226,194",121,"3,790,156,078","6,867,816,743","103,830,082","569,255,282",10,3,0,1,1,0,0,22,proceed,cancel,2023-12-13 20:35:54.000,2023-12-17 09:10:49.000,3,3,1,0,2,2023-12-13 18:41:58,2023,12
6,24,INC47952993,"140,946,784",105,"5,848,267,268","5,848,267,268","76,615,600","-99,999",3,3,0,0,0,0,0,8,proceed,cancel,2023-12-14 01:23:14.000,2023-12-23 07:39:49.000,3,3,1,0,2,2023-12-14 00:20:36,2023,12
6,24,INC47945886,"266,226,194",121,"6,313,447,475","6,313,447,475","103,974,889","569,280,921",6,3,0,1,0,1,0,14,proceed,cancel,2023-12-18 13:29:30.000,2023-12-22 08:01:36.000,3,3,1,0,2,2023-12-13 13:29:57,2023,12
6,24,INC47949237,"166,126,616",51,"4,536,264,761","5,703,040,921","52,728,392","576,171,907",6,3,0,0,1,0,0,6,proceed,cancel,2023-12-14 18:52:52.000,2023-12-22 07:52:47.000,3,3,1,0,2,2023-12-13 17:50:00,2023,12
6,24,INC47953164,"140,946,784",105,"5,848,267,268","6,293,179,578","61,667,736","-99,999",3,3,0,0,0,0,0,7,proceed,cancel,2023-12-14 01:26:35.000,2023-12-14 01:27:03.000,3,3,1,0,2,2023-12-14 01:19:27,2023,12
6,24,INC47953743,"140,946,784",105,"5,848,267,268","5,848,267,268","76,615,600","-99,999",3,3,0,0,0,0,0,7,proceed,cancel,2023-12-14 08:53:13.000,2023-12-15 06:49:23.000,3,3,1,0,2,2023-12-14 05:34:57,2023,12
6,24,INC47947952,"166,126,616",51,"5,703,041,185","6,816,701,351","52,729,432","572,548,620",10,3,0,1,0,0,0,14,proceed,cancel,2023-12-15 18:14:01.000,2023-12-23 07:42:20.000,3,3,1,0,2,2023-12-13 16:11:28,2023,12
6,24,INC47962966,"140,946,784",105,"5,848,267,268","5,848,267,268","76,615,600","-99,999",3,3,0,0,0,0,0,14,proceed,cancel,2023-12-15 06:53:13.000,2023-12-23 07:39:57.000,3,3,1,0,2,2023-12-15 05:40:40,2023,12
6,31,INC47947113,"266,226,194",122,"3,790,156,078","6,817,329,420","103,830,082","-99,999",10,3,0,0,1,0,0,17,proceed,cancel,2023-12-14 01:05:47.000,2023-12-14 01:05:57.000,3,3,1,0,2,2023-12-13 15:15:44,2023,12
6,24,INC47950223,"140,946,784",105,"5,848,267,268","6,345,982,539","80,859,673","-99,999",3,3,0,0,0,0,0,14,proceed,cancel,2023-12-16 07:24:41.000,2023-12-16 07:25:00.000,3,3,1,0,2,2023-12-13 19:09:27,2023,12
6,24,INC47960028,"266,226,194",121,"3,790,156,078","6,817,329,706","103,830,082","569,299,974",4,3,0,0,1,1,0,9,proceed,cancel,2023-12-15 00:04:59.000,2023-12-18 08:52:31.000,3,3,1,0,2,2023-12-14 19:38:28,2023,12
6,31,INC47950226,"266,226,194",122,"6,817,327,887","6,867,816,743","103,830,082","569,393,051",10,3,0,1,1,1,0,15,proceed,cancel,2023-12-13 21:31:25.000,2023-12-17 09:10:50.000,3,3,1,0,2,2023-12-13 19:09:44,2023,12
6,31,INC47948488,"266,226,194",52,"6,867,816,819","6,867,816,819","103,830,082","569,450,566",7,3,0,1,1,1,0,9,proceed,cancel,2023-12-13 19:56:19.000,2023-12-17 09:10:46.000,3,3,1,0,2,2023-12-13 16:50:02,2023,12
6,24,INC47944937,"140,946,784",105,"5,848,267,268","5,848,267,268","80,859,673","-99,999",3,3,0,0,0,0,0,7,proceed,cancel,2023-12-13 10:53:14.000,2023-12-19 03:54:51.000,3,3,1,0,2,2023-12-13 09:21:14,2023,12
6,24,INC47953646,"140,946,784",105,"5,848,267,268","5,848,267,268","76,615,600","-99,999",3,5,0,0,0,0,0,9,proceed,cancel,2023-12-14 08:23:13.000,2023-12-15 06:51:01.000,3,3,1,0,2,2023-12-14 05:00:36,2023,12
6,24,INC47949592,"140,946,784",105,"5,848,267,268","5,848,267,268","61,667,736","-99,999",3,5,0,0,0,0,0,9,proceed,cancel,2023-12-13 19:23:14.000,2023-12-16 07:40:02.000,3,3,1,0,2,2023-12-13 18:18:08,2023,12
6,31,INC47946507,"166,126,616",122,"2,438,429,805","6,770,881,793","52,728,392","561,183,411",6,3,0,0,1,1,0,5,proceed,cancel,2023-12-13 14:37:17.000,2023-12-22 07:52:47.000,3,3,1,0,2,2023-12-13 14:28:20,2023,12
6,24,INC47953145,"140,946,784",105,"5,848,267,268","5,848,267,268","80,859,673","-99,999",3,3,0,0,0,0,0,10,proceed,cancel,2023-12-14 22:23:13.000,2023-12-23 07:39:50.000,3,3,1,0,2,2023-12-14 01:12:38,2023,12
6,24,INC47952149,"140,946,784",105,"5,848,267,268","5,848,267,268","61,667,736","-99,999",3,3,0,0,0,0,0,8,proceed,cancel,2023-12-13 23:23:14.000,2023-12-23 07:39:48.000,3,3,1,0,2,2023-12-13 21:51:08,2023,12
6,24,INC47953022,"140,946,784",105,"5,848,267,268","5,848,267,268","80,859,673","-99,999",3,5,0,0,0,0,0,10,proceed,cancel,2023-12-14 01:53:13.000,2023-12-21 07:41:16.000,3,3,1,0,2,2023-12-14 00:32:47,2023,12
6,24,INC47953894,"140,946,784",105,"5,848,267,268","5,848,267,268","80,859,673","-99,999",3,3,0,0,0,0,0,33,proceed,cancel,2023-12-14 10:23:13.000,2023-12-22 07:48:00.000,3,3,1,0,2,2023-12-14 06:33:42,2023,12
6,24,INC47953269,"266,226,194",121,"5,802,967,307","5,802,967,307","103,974,889","569,262,527",6,3,0,1,0,1,0,10,proceed,cancel,2023-12-16 00:18:07.000,2023-12-19 09:01:57.000,3,3,1,0,2,2023-12-14 01:51:06,2023,12
6,24,INC47949097,"266,226,194",121,"3,790,156,078","6,817,329,706","103,830,082","569,465,840",4,3,0,0,1,1,0,10,proceed,cancel,2023-12-13 17:54:36.000,2023-12-17 09:10:47.000,3,3,1,0,2,2023-12-13 17:39:15,2023,12
6,24,INC47948204,"266,226,194",121,"6,264,845,105","6,264,845,105","103,974,889","569,477,533",6,3,0,1,0,1,0,5,proceed,cancel,2023-12-13 16:30:53.000,2023-12-17 09:10:45.000,3,3,1,0,2,2023-12-13 16:29:53,2023,12
6,24,INC47951786,"140,946,784",105,"5,848,267,268","5,848,267,268","76,615,600","-99,999",3,3,0,0,0,0,0,7,proceed,cancel,2023-12-13 22:53:14.000,2023-12-21 07:41:14.000,3,3,1,0,2,2023-12-13 21:12:38,2023,12
6,31,INC47948706,"140,946,784",16,"6,323,104,377","6,293,179,578","61,667,736","-99,999",10,3,0,0,2,0,0,15,proceed,cancel,2023-12-14 02:42:53.000,2023-12-14 02:43:29.000,3,3,1,0,2,2023-12-13 17:04:53,2023,12
6,31,INC47949405,"166,126,616",122,"-99,999","5,703,040,921","52,728,392","561,183,411",10,3,0,0,1,1,0,6,proceed,cancel,2023-12-13 18:31:42.000,2023-12-21 08:31:58.000,3,3,1,0,2,2023-12-13 18:03:56,2023,12
6,31,INC47947342,"266,226,194",122,"6,867,816,819","6,867,816,819","103,830,082","569,354,765",7,3,0,1,1,0,0,8,proceed,cancel,2023-12-13 19:57:46.000,2023-12-17 09:10:44.000,3,3,1,0,2,2023-12-13 15:31:12,2023,12
6,31,INC47950952,"166,126,616",122,"5,936,352,761","6,059,124,548","79,181,792","576,164,409",10,3,0,0,1,1,0,8,proceed,cancel,2023-12-13 20:58:57.000,2023-12-21 08:31:59.000,3,3,1,0,2,2023-12-13 20:01:58,2023,12
6,31,INC47949292,"166,126,616",122,"6,860,124,654","5,802,727,114","52,728,393","575,972,787",10,3,0,0,1,1,0,8,proceed,cancel,2023-12-13 18:19:19.000,2023-12-21 08:31:58.000,3,3,1,0,2,2023-12-13 17:54:20,2023,12
6,24,INC47950224,"140,946,784",105,"5,848,267,268","5,848,267,268","80,859,673","-99,999",3,5,0,0,0,0,0,9,proceed,cancel,2023-12-13 20:23:14.000,2023-12-16 07:25:10.000,3,3,1,0,2,2023-12-13 19:09:29,2023,12
6,24,INC47946578,"266,226,194",121,"3,790,156,078","6,313,447,475","103,974,889","569,276,714",10,3,0,1,0,1,0,12,proceed,cancel,2023-12-13 15:02:11.000,2023-12-17 09:10:42.000,3,3,1,0,2,2023-12-13 14:33:34,2023,12
6,31,INC47953254,"166,126,616",16,"6,842,456,985","6,016,140,447","52,728,392","215,107,213",6,3,0,0,1,0,0,6,proceed,cancel,2023-12-16 21:02:48.000,2023-12-24 08:46:32.000,3,3,1,0,2,2023-12-14 01:44:53,2023,12
6,24,INC47951852,"140,946,784",105,"5,848,267,268","6,293,179,578","76,615,600","-99,999",3,3,0,0,0,0,0,12,proceed,cancel,2023-12-14 02:38:46.000,2023-12-14 02:39:25.000,3,3,1,0,2,2023-12-13 21:19:40,2023,12
6,31,INC47950879,"266,226,194",122,"3,790,156,078","6,817,328,029","103,830,082","569,370,289",10,3,0,1,1,1,0,9,proceed,cancel,2023-12-13 20:47:36.000,2023-12-17 09:10:52.000,3,3,1,0,2,2023-12-13 19:57:41,2023,12
6,24,INC47950466,"266,226,194",121,"6,817,331,315","6,817,329,420","103,830,082","569,338,861",4,3,0,0,1,1,0,17,proceed,cancel,2023-12-15 18:28:02.000,2023-12-15 18:28:14.000,3,3,1,0,2,2023-12-13 19:27:28,2023,12
6,24,INC47953735,"140,946,784",105,"5,848,267,268","5,848,267,268","76,615,600","-99,999",3,3,0,0,0,0,0,7,proceed,cancel,2023-12-14 08:53:13.000,2023-12-15 06:49:26.000,3,3,1,0,2,2023-12-14 05:33:17,2023,12
6,24,INC47944807,"140,946,784",105,"5,848,267,268","5,848,267,268","80,859,673","-99,999",3,3,0,0,0,0,0,12,proceed,cancel,2023-12-13 15:23:13.000,2023-12-14 01:53:08.000,3,3,1,0,2,2023-12-13 08:35:06,2023,12
6,24,INC47952440,"266,226,194",121,"6,817,328,779","6,817,328,779","103,830,082","569,373,446",10,3,0,0,1,1,0,15,proceed,cancel,2023-12-14 15:57:28.000,2023-12-18 08:52:21.000,3,3,1,0,2,2023-12-13 22:30:22,2023,12
6,31,INC47946864,"266,226,194",122,"3,790,156,078","6,817,328,029","103,830,082","-99,999",7,3,0,1,1,0,0,8,proceed,cancel,2023-12-13 15:07:07.000,2023-12-17 09:10:43.000,3,3,1,0,2,2023-12-13 14:56:02,2023,12
6,24,INC47951014,"140,946,784",105,"5,848,267,268","5,848,267,268","76,615,600","-99,999",3,5,0,0,0,0,0,9,proceed,cancel,2023-12-14 01:23:13.000,2023-12-15 15:06:53.000,3,3,1,0,2,2023-12-13 20:07:46,2023,12
6,24,INC47947797,"266,226,194",51,"3,790,156,078","6,247,695,725","103,974,889","569,416,881",10,3,0,1,0,1,0,8,proceed,cancel,2023-12-13 19:35:47.000,2023-12-17 09:10:44.000,3,3,1,0,2,2023-12-13 16:02:25,2023,12
6,24,INC48008570,"140,946,784",105,"5,848,267,268","5,848,267,268","76,615,600","-99,999",3,3,0,0,0,0,0,13,proceed,cancel,2023-12-22 18:53:13.000,2023-12-30 07:29:11.000,3,3,1,0,2,2023-12-21 09:22:25,2023,12
6,24,INC48016478,"140,946,784",105,"5,848,267,268","5,848,267,268","76,615,600","-99,999",3,3,0,0,0,0,0,11,proceed,cancel,2023-12-22 04:23:13.000,2023-12-26 16:24:13.000,3,3,1,0,2,2023-12-22 02:36:06,2023,12
6,24,INC48016802,"140,946,784",105,"5,848,267,268","5,848,267,268","61,667,736","-99,999",3,3,0,0,0,0,0,12,proceed,cancel,2023-12-23 03:53:13.000,2024-01-03 07:23:59.000,3,3,1,0,2,2023-12-22 05:50:36,2023,12
6,31,INC48010846,"266,226,194",122,"6,867,816,819","6,867,816,819","103,830,082","569,354,765",7,3,0,1,1,0,0,9,proceed,cancel,2023-12-21 19:09:36.000,2023-12-25 08:47:08.000,3,3,1,0,2,2023-12-21 15:18:03,2023,12
6,24,INC48013864,"266,226,194",51,"6,264,845,105","6,867,816,819","103,830,082","569,469,943",6,3,0,0,1,1,0,15,proceed,cancel,2024-01-04 14:42:37.000,2024-01-08 09:13:29.000,3,3,1,0,2,2023-12-21 19:08:05,2023,12
6,31,INC48012416,"166,126,616",122,"5,703,038,297","5,703,041,013","52,728,393","216,494,935",10,3,0,0,1,1,0,8,proceed,cancel,2023-12-28 01:58:09.000,2024-01-04 07:46:29.000,3,3,1,0,2,2023-12-21 17:21:51,2023,12
6,31,INC48016437,"166,126,616",122,"6,159,724,274","6,016,140,447","52,728,392","215,167,115",10,3,0,0,1,1,0,8,proceed,cancel,2024-01-02 15:12:18.000,2024-01-10 09:17:28.000,3,3,1,0,2,2023-12-22 02:17:26,2023,12
6,24,INC48008368,"140,946,784",105,"5,848,267,268","5,848,267,268","76,615,600","-99,999",3,3,0,0,0,0,0,12,proceed,cancel,2023-12-21 08:23:14.000,2024-01-03 07:23:57.000,3,3,1,0,2,2023-12-21 07:07:26,2023,12
6,24,INC48015307,"166,126,616",121,"6,278,127,650","6,059,124,548","79,181,792","576,164,409",10,3,0,0,1,1,0,6,proceed,cancel,2023-12-22 17:22:34.000,2023-12-30 07:31:10.000,3,3,1,0,2,2023-12-21 21:41:19,2023,12
6,24,INC48009985,"140,946,784",105,"5,848,267,268","5,916,170,592","80,859,673","-99,999",3,3,0,0,0,0,0,25,proceed,cancel,2024-01-15 12:12:36.000,2024-01-15 12:12:53.000,3,3,1,0,2,2023-12-21 14:13:45,2023,12
6,31,INC48008503,"140,946,784",16,"6,293,179,578","6,293,179,578","76,615,600","-99,999",10,3,0,0,7,0,0,92,proceed,cancel,2024-02-24 08:05:32.000,2024-02-24 08:06:27.000,3,3,1,0,2,2023-12-21 08:46:14,2023,12
6,24,INC47948755,"166,126,616",121,"6,059,121,104","541,413","52,729,432","413,902,537",10,3,0,1,0,1,0,12,proceed,cancel,2023-12-19 14:47:23.000,2023-12-27 08:24:37.000,3,3,1,0,2,2023-12-13 17:09:24,2023,12
6,24,INC47953650,"140,946,784",105,"5,848,267,268","6,293,179,578","76,615,600","-99,999",3,3,0,0,0,0,0,19,proceed,cancel,2023-12-15 06:50:35.000,2023-12-15 06:50:52.000,3,3,1,0,2,2023-12-14 05:01:47,2023,12
6,31,INC47947780,"166,126,616",122,"2,438,429,805","6,197,463,044","52,728,393","215,117,249",6,3,0,0,1,1,0,4,proceed,cancel,2023-12-20 00:29:55.000,2023-12-27 08:24:37.000,3,3,1,0,2,2023-12-13 16:01:08,2023,12
6,24,INC47947943,"266,226,194",121,"6,264,845,105","6,264,845,105","103,974,889","569,272,812",6,3,0,1,0,1,0,7,proceed,cancel,2023-12-13 16:35:29.000,2023-12-17 09:10:45.000,3,3,1,0,2,2023-12-13 16:11:05,2023,12
6,31,INC47949411,"266,226,194",16,"3,790,156,078","6,817,328,779","103,830,082","569,393,051",10,3,0,0,1,1,0,10,proceed,cancel,2023-12-13 19:56:34.000,2023-12-17 09:10:48.000,3,3,1,0,2,2023-12-13 18:04:06,2023,12
6,24,INC47944936,"140,946,784",105,"5,848,267,268","5,848,267,268","80,859,673","-99,999",3,3,0,0,0,0,0,7,proceed,cancel,2023-12-13 10:53:14.000,2023-12-19 03:54:33.000,3,3,1,0,2,2023-12-13 09:21:11,2023,12
6,24,INC47945733,"266,226,194",121,"6,264,845,105","6,264,845,105","103,974,889","569,465,840",6,3,0,1,0,1,0,8,proceed,cancel,2023-12-13 13:21:28.000,2023-12-17 09:10:39.000,3,3,1,0,2,2023-12-13 13:12:46,2023,12
6,24,INC47953744,"140,946,784",105,"5,848,267,268","5,848,267,268","76,615,600","-99,999",3,3,0,0,0,0,0,7,proceed,cancel,2023-12-14 08:53:13.000,2023-12-15 06:49:24.000,3,3,1,0,2,2023-12-14 05:35:07,2023,12
6,24,INC47948240,"166,126,616",121,"4,536,264,761","5,802,727,114","52,728,393","214,602,738",6,3,0,0,1,1,0,7,proceed,cancel,2023-12-19 01:53:41.000,2023-12-26 08:58:06.000,3,3,1,0,2,2023-12-13 16:31:45,2023,12
6,31,INC47953470,"140,946,784",16,"6,293,179,578","6,293,179,578","76,615,600","-99,999",10,3,0,0,3,0,0,13,proceed,cancel,2023-12-14 04:34:15.000,2023-12-14 04:34:28.000,3,3,1,0,2,2023-12-14 02:59:32,2023,12
6,24,INC47950444,"266,226,194",51,"3,790,156,078","6,817,329,420","103,830,082","569,370,289",4,3,0,0,1,1,0,11,proceed,cancel,2023-12-13 23:22:59.000,2023-12-13 23:23:16.000,3,3,1,0,2,2023-12-13 19:25:26,2023,12
6,24,INC47944533,"140,946,784",105,"5,848,267,268","5,848,267,268","80,859,673","-99,999",3,3,0,0,0,0,0,9,proceed,cancel,2023-12-13 22:23:15.000,2023-12-23 07:39:46.000,3,3,1,0,2,2023-12-13 07:11:18,2023,12
6,31,INC47875981,"140,946,784",16,"5,916,170,592","6,323,104,377","80,859,673","-99,999",10,3,0,0,3,0,0,13,proceed,cancel,2023-12-06 13:19:07.000,2023-12-06 13:19:24.000,3,3,1,0,2,2023-12-05 08:53:51,2023,12
6,24,INC47872770,"140,946,784",105,"5,848,267,268","5,848,267,268","80,859,673","-99,999",3,3,0,0,0,0,0,88,proceed,cancel,2023-12-05 07:23:13.000,2023-12-13 07:53:51.000,3,3,1,0,2,2023-12-04 20:36:35,2023,12
6,24,INC47984139,"266,226,194",121,"3,790,156,078","6,817,328,029","103,830,082","569,255,282",10,3,0,0,1,0,0,13,proceed,cancel,2023-12-18 17:26:41.000,2023-12-22 08:01:55.000,3,3,1,0,2,2023-12-18 16:47:48,2023,12
6,24,INC47997853,"266,226,194",51,"5,802,967,307","5,802,967,307","103,974,889","569,316,741",6,3,0,1,0,1,0,4,proceed,cancel,2023-12-19 21:53:47.000,2023-12-23 07:50:31.000,3,3,1,0,2,2023-12-19 21:52:32,2023,12
6,24,INC47980681,"266,226,194",121,"6,817,330,000","6,817,329,706","103,830,082","569,272,812",4,3,0,0,1,1,0,24,proceed,cancel,2023-12-26 17:08:38.000,2023-12-30 07:38:23.000,3,3,1,0,2,2023-12-18 13:07:49,2023,12
6,24,INC47987412,"140,946,784",105,"5,848,267,268","5,848,267,268","61,667,736","-99,999",3,3,0,0,0,0,0,9,proceed,cancel,2023-12-18 21:53:18.000,2023-12-26 08:08:30.000,3,3,1,0,2,2023-12-18 20:31:07,2023,12
6,25,INC47987177,"166,126,616",63,"6,343,571,534","6,343,571,534","52,729,432","571,473,069",6,3,0,1,0,0,0,3,proceed,cancel,2023-12-18 20:22:34.000,2023-12-26 08:58:09.000,3,3,1,0,2,2023-12-18 20:16:15,2023,12
6,24,INC47988000,"140,946,784",105,"5,848,267,268","5,848,267,268","80,859,673","-99,999",3,5,0,0,0,0,0,9,proceed,cancel,2023-12-19 02:23:13.000,2023-12-26 08:08:31.000,3,3,1,0,2,2023-12-18 21:20:06,2023,12
6,31,INC47984796,"166,126,616",122,"5,945,227,918","5,703,040,921","52,728,392","561,183,411",10,3,0,0,1,1,0,7,proceed,cancel,2023-12-18 18:19:44.000,2023-12-26 08:58:08.000,3,3,1,0,2,2023-12-18 17:25:55,2023,12
6,24,INC47989013,"166,126,616",51,"5,882,166,373","6,770,881,793","52,728,392","572,710,415",10,3,0,0,1,0,0,5,proceed,cancel,2024-01-02 20:12:02.000,2024-01-10 09:17:27.000,3,3,1,0,2,2023-12-18 23:46:06,2023,12
6,25,INC47979842,"266,226,194",63,"3,790,156,078","6,264,845,105","103,974,889","569,350,162",10,3,0,1,0,1,0,20,proceed,cancel,2023-12-18 14:47:57.000,2023-12-22 08:01:47.000,3,3,1,0,2,2023-12-18 10:16:31,2023,12
6,24,INC47982020,"266,226,194",51,"3,790,156,078","6,867,816,819","103,830,082","569,332,157",10,2,0,0,1,1,0,15,proceed,cancel,2023-12-20 17:40:22.000,2023-12-24 08:53:11.000,3,1,1,0,3,2023-12-18 14:45:28,2023,12
6,24,INC47979367,"166,126,616",121,"5,703,039,272","6,016,140,447","52,728,392","571,423,726",10,3,0,0,1,1,0,12,proceed,cancel,2023-12-19 13:17:09.000,2023-12-27 08:24:38.000,3,3,1,0,2,2023-12-18 07:16:50,2023,12
6,24,INC47979365,"140,946,784",105,"5,848,267,268","5,848,267,268","80,859,673","-99,999",3,3,0,0,0,0,0,10,proceed,cancel,2023-12-18 22:23:16.000,2023-12-26 08:08:19.000,3,3,1,0,2,2023-12-18 07:15:46,2023,12
6,31,INC47980173,"166,126,616",122,"5,936,352,761","6,059,124,548","79,181,792","576,164,409",10,3,0,0,1,1,0,5,proceed,cancel,2023-12-27 15:05:32.000,2024-01-04 07:46:28.000,3,3,1,0,2,2023-12-18 11:55:26,2023,12
6,24,INC47989009,"140,946,784",105,"5,848,267,268","5,848,267,268","76,615,600","-99,999",3,3,0,0,0,0,0,9,proceed,cancel,2023-12-19 00:53:14.000,2023-12-19 12:26:25.000,3,3,1,0,2,2023-12-18 23:45:16,2023,12
6,24,INC47990796,"266,226,194",121,"6,264,845,105","6,264,845,105","103,974,889","569,304,015",6,3,0,1,0,1,0,5,proceed,cancel,2023-12-19 12:27:53.000,2023-12-23 07:50:20.000,3,3,1,0,2,2023-12-19 12:19:53,2023,12
6,31,INC47985661,"166,126,616",16,"6,059,117,872","5,802,727,114","52,728,393","575,972,787",10,3,0,0,1,1,0,9,proceed,cancel,2023-12-18 18:50:39.000,2023-12-26 08:58:09.000,3,3,1,0,2,2023-12-18 18:26:49,2023,12
6,24,INC47985612,"266,226,194",121,"6,264,845,105","6,817,329,706","103,830,082","569,288,150",6,3,0,0,1,1,0,14,proceed,cancel,2023-12-19 16:39:57.000,2023-12-23 07:50:16.000,3,3,1,0,2,2023-12-18 18:23:16,2023,12
6,24,INC47983642,"266,226,194",121,"6,264,845,105","6,264,845,105","103,974,889","569,273,157",6,3,0,1,0,0,0,5,proceed,cancel,2023-12-18 16:31:32.000,2023-12-22 08:01:54.000,3,3,1,0,2,2023-12-18 16:21:28,2023,12
6,24,INC47989551,"140,946,784",105,"5,848,267,268","5,848,267,268","76,615,600","-99,999",3,3,0,0,0,0,0,8,proceed,cancel,2023-12-19 20:23:13.000,2023-12-27 07:44:39.000,3,3,1,0,2,2023-12-19 02:18:44,2023,12
6,25,INC47987176,"166,126,616",63,"6,343,571,534","6,343,571,534","52,729,432","571,473,069",6,3,0,1,0,0,0,3,proceed,cancel,2023-12-18 20:22:32.000,2023-12-26 08:58:09.000,3,3,1,0,2,2023-12-18 20:16:12,2023,12
6,31,INC47990427,"140,946,784",16,"6,345,982,539","6,345,982,539","80,859,673","-99,999",10,3,0,0,1,0,0,18,proceed,cancel,2023-12-19 12:17:59.000,2023-12-19 12:18:36.000,3,3,1,0,2,2023-12-19 09:52:07,2023,12
6,31,INC47994666,"266,226,194",122,"3,790,156,078","6,817,331,932","103,830,084","-99,999",10,3,0,1,1,0,0,15,proceed,cancel,2024-01-02 15:27:43.000,2024-01-06 07:47:20.000,3,3,1,0,2,2023-12-19 17:24:34,2023,12
6,25,INC47981295,"266,226,194",63,"3,790,156,078","6,838,119,269","103,974,889","569,473,207",10,3,0,1,0,1,0,17,proceed,cancel,2023-12-18 19:15:09.000,2023-12-22 08:01:50.000,3,3,1,0,2,2023-12-18 13:59:41,2023,12
6,24,INC47999275,"166,126,616",51,"5,703,037,351","5,703,040,921","52,728,392","414,014,517",10,3,0,0,1,0,0,8,proceed,cancel,2024-01-02 16:06:40.000,2024-01-10 09:17:28.000,3,3,1,0,2,2023-12-20 04:35:50,2023,12
6,24,INC47999491,"140,946,784",105,"5,848,267,268","5,848,267,268","80,859,673","-99,999",3,3,0,0,0,0,0,9,proceed,cancel,2023-12-20 23:53:14.000,2023-12-22 12:50:51.000,3,3,1,0,2,2023-12-20 06:36:53,2023,12
6,24,INC47981078,"266,226,194",121,"6,313,447,475","6,264,845,105","103,974,889","569,373,343",6,3,0,1,4,1,0,31,proceed,cancel,2023-12-19 15:27:44.000,2023-12-23 07:50:13.000,3,3,1,0,2,2023-12-18 13:42:02,2023,12
6,31,INC47979378,"140,946,784",122,"5,916,170,592","6,116,482,150","76,615,600","-99,999",10,3,0,0,1,0,0,22,proceed,cancel,2023-12-19 15:48:40.000,2023-12-19 15:48:52.000,3,3,1,0,2,2023-12-18 07:27:51,2023,12
6,24,INC47981830,"266,226,194",51,"3,790,156,078","6,817,328,029","103,830,082","569,255,282",10,3,0,1,1,0,0,12,proceed,cancel,2023-12-19 19:26:45.000,2023-12-23 07:50:15.000,3,3,1,0,2,2023-12-18 14:32:47,2023,12
6,24,INC47989367,"166,126,616",121,"6,343,571,534","5,703,040,921","52,728,392","572,579,465",6,3,0,0,1,1,0,5,proceed,cancel,2023-12-19 16:19:23.000,2023-12-27 08:24:39.000,3,3,1,0,2,2023-12-19 01:12:23,2023,12
6,24,INC47984018,"140,946,784",105,"5,848,267,268","5,848,267,268","76,615,600","-99,999",3,5,0,0,0,0,0,10,proceed,cancel,2023-12-18 17:53:14.000,2023-12-26 08:08:24.000,3,3,1,0,2,2023-12-18 16:41:06,2023,12
6,24,INC47985820,"140,946,784",105,"5,848,267,268","5,848,267,268","61,667,736","-99,999",3,3,0,0,0,0,0,9,proceed,cancel,2023-12-18 20:53:16.000,2023-12-26 08:08:27.000,3,3,1,0,2,2023-12-18 18:38:56,2023,12
6,31,INC47985451,"166,126,616",16,"6,819,139,276","6,819,139,276","52,729,432","571,456,467",6,3,0,1,0,0,0,3,proceed,cancel,2023-12-18 18:22:09.000,2023-12-26 08:58:09.000,3,3,1,0,2,2023-12-18 18:10:15,2023,12
6,31,INC47983772,"166,126,616",52,"5,703,037,429","5,703,040,921","52,728,392","576,002,590",10,3,0,0,1,0,0,7,proceed,cancel,2023-12-18 17:11:28.000,2023-12-26 08:58:08.000,3,3,1,0,2,2023-12-18 16:27:52,2023,12
6,24,INC47986651,"140,946,784",105,"5,848,267,268","6,345,982,539","76,615,600","-99,999",3,3,0,0,0,0,0,14,proceed,cancel,2023-12-19 12:25:51.000,2023-12-19 12:26:12.000,3,3,1,0,2,2023-12-18 19:37:16,2023,12
6,24,INC47979815,"140,946,784",105,"5,848,267,268","5,848,267,268","76,615,600","-99,999",3,3,0,0,0,0,0,7,proceed,cancel,2023-12-18 11:53:13.000,2023-12-26 08:08:20.000,3,3,1,0,2,2023-12-18 10:04:48,2023,12
6,24,INC47979768,"140,946,784",105,"5,848,267,268","6,293,179,578","76,615,600","-99,999",3,3,0,0,0,0,0,7,proceed,cancel,2023-12-21 06:10:47.000,2023-12-21 06:11:21.000,3,3,1,0,2,2023-12-18 09:50:48,2023,12
6,24,INC47981209,"266,226,194",121,"6,264,845,105","6,264,845,105","103,974,889","569,295,949",6,3,0,1,0,0,0,7,proceed,cancel,2023-12-18 14:02:10.000,2023-12-22 08:01:49.000,3,3,1,0,2,2023-12-18 13:53:34,2023,12
6,24,INC47980651,"266,226,194",121,"6,264,845,105","6,264,845,105","103,974,889","569,465,840",6,3,0,1,0,1,0,14,proceed,cancel,2023-12-18 13:49:54.000,2023-12-22 08:01:48.000,3,3,1,0,2,2023-12-18 13:04:54,2023,12
6,24,INC47979891,"140,946,784",105,"5,848,267,268","5,848,267,268","61,667,736","-99,999",3,5,0,0,0,0,0,9,proceed,cancel,2023-12-18 16:23:13.000,2023-12-26 08:08:21.000,3,3,1,0,2,2023-12-18 10:40:16,2023,12
6,24,INC47999002,"166,126,616",121,"5,999,031,851","3,447,171,394","52,729,432","571,456,467",10,3,0,1,0,0,0,6,proceed,cancel,2023-12-22 12:34:57.000,2023-12-30 07:31:09.000,3,3,1,0,2,2023-12-20 02:17:48,2023,12
6,24,INC47989353,"166,126,616",51,"3,503,348,459","3,503,348,459","52,729,432","591,460,505",6,3,0,1,0,1,0,3,proceed,cancel,2023-12-19 01:14:05.000,2023-12-26 08:58:10.000,3,3,1,0,2,2023-12-19 01:08:20,2023,12
6,24,INC47979936,"140,946,784",105,"5,848,267,268","6,293,179,578","76,615,600","-99,999",3,3,0,0,0,0,0,7,proceed,cancel,2023-12-21 06:10:48.000,2023-12-21 06:11:28.000,3,3,1,0,2,2023-12-18 10:57:47,2023,12
6,24,INC47989373,"140,946,784",105,"5,848,267,268","5,848,267,268","80,859,673","-99,999",3,3,0,0,0,0,0,13,proceed,cancel,2023-12-19 22:23:13.000,2023-12-27 07:44:37.000,3,3,1,0,2,2023-12-19 01:15:04,2023,12
6,24,INC47988411,"140,946,784",105,"5,848,267,268","5,848,267,268","80,859,673","-99,999",3,3,0,0,0,0,0,35,proceed,cancel,2023-12-19 09:53:14.000,2023-12-26 16:18:01.000,3,3,1,0,2,2023-12-18 22:00:06,2023,12
6,31,INC47987512,"166,126,616",122,"6,278,127,618","5,703,040,921","52,728,392","591,460,505",10,3,0,0,1,1,0,4,proceed,cancel,2023-12-18 22:41:53.000,2023-12-26 08:58:10.000,3,3,1,0,2,2023-12-18 20:38:30,2023,12
6,31,INC47981649,"166,126,616",122,"6,322,477,037","6,770,881,793","52,728,392","414,126,732",10,3,0,0,1,0,0,6,proceed,cancel,2023-12-18 16:24:00.000,2023-12-26 08:58:08.000,3,3,1,0,2,2023-12-18 14:22:14,2023,12
6,31,INC47981285,"266,226,194",122,"6,867,816,819","6,867,816,819","103,830,082","569,354,765",7,3,0,0,1,0,0,8,proceed,cancel,2023-12-18 15:10:45.000,2023-12-22 08:01:49.000,3,3,1,0,2,2023-12-18 13:58:55,2023,12
6,25,INC47987178,"166,126,616",63,"6,343,571,534","6,343,571,534","52,729,432","571,473,069",6,3,0,1,0,0,0,3,proceed,cancel,2023-12-18 20:22:36.000,2023-12-26 08:58:10.000,3,3,1,0,2,2023-12-18 20:16:16,2023,12
6,31,INC47997131,"266,226,194",52,"6,817,329,420","6,817,329,420","103,830,082","569,463,306",7,3,0,0,1,1,0,10,proceed,cancel,2023-12-19 21:25:08.000,2023-12-19 21:25:16.000,3,3,1,0,2,2023-12-19 20:40:15,2023,12
6,31,INC47981622,"166,126,616",122,"5,945,227,918","5,703,040,921","52,728,392","561,183,411",10,3,0,0,1,1,0,6,proceed,cancel,2023-12-18 14:44:35.000,2023-12-26 08:58:07.000,3,3,1,0,2,2023-12-18 14:19:54,2023,12
6,24,INC47993028,"266,226,194",51,"6,817,328,779","6,817,328,029","103,830,082","569,316,741",7,2,0,1,1,1,0,9,proceed,cancel,2023-12-20 15:24:18.000,2023-12-24 08:53:13.000,3,1,1,0,3,2023-12-19 15:32:13,2023,12
6,24,INC47986601,"140,946,784",105,"5,848,267,268","5,848,267,268","76,615,600","-99,999",3,5,0,0,0,0,0,8,proceed,cancel,2023-12-18 20:53:16.000,2023-12-26 08:08:29.000,3,3,1,0,2,2023-12-18 19:33:47,2023,12
6,24,INC47983535,"140,946,784",105,"5,848,267,268","5,848,267,268","80,859,673","-99,999",3,3,0,0,0,0,0,42,proceed,cancel,2023-12-18 20:23:13.000,2023-12-26 08:08:23.000,3,3,1,0,2,2023-12-18 16:15:42,2023,12
6,24,INC47980858,"266,226,194",121,"3,790,156,078","6,313,447,475","103,974,889","569,285,183",10,3,0,1,0,1,0,18,proceed,cancel,2023-12-20 16:07:27.000,2023-12-24 08:53:11.000,3,3,1,0,2,2023-12-18 13:23:41,2023,12
6,24,INC47992710,"140,946,784",105,"5,848,267,268","5,848,267,268","76,615,600","-99,999",3,3,0,0,0,0,0,7,proceed,cancel,2023-12-19 18:23:13.000,2023-12-27 07:44:39.000,3,3,1,0,2,2023-12-19 15:08:20,2023,12
6,31,INC47987022,"266,226,194",52,"6,867,816,819","6,867,816,819","103,830,082","569,369,906",7,3,0,1,1,1,0,8,proceed,cancel,2023-12-19 15:27:29.000,2023-12-23 07:50:17.000,3,3,1,0,2,2023-12-18 20:03:58,2023,12
6,24,INC47989981,"140,946,784",105,"5,848,267,268","6,345,982,539","80,859,673","-99,999",3,5,0,0,0,0,0,25,proceed,cancel,2023-12-22 12:50:12.000,2023-12-22 12:50:46.000,3,3,1,0,2,2023-12-19 06:46:36,2023,12
6,31,INC47996163,"266,226,194",52,"3,790,156,078","6,817,328,029","103,830,082","569,292,253",10,3,0,0,1,1,0,12,proceed,cancel,2023-12-20 15:27:27.000,2023-12-24 08:53:15.000,3,3,1,0,2,2023-12-19 19:21:41,2023,12
6,31,INC47985414,"166,126,616",122,"5,703,040,230","5,802,727,114","52,728,393","215,070,509",10,3,0,0,1,0,0,9,proceed,cancel,2023-12-21 02:03:13.000,2023-12-28 08:07:02.000,3,3,1,0,2,2023-12-18 18:08:07,2023,12
6,24,INC47992675,"266,226,194",121,"6,264,845,105","6,264,845,105","103,974,889","569,423,677",6,3,0,1,0,1,0,10,proceed,cancel,2023-12-20 13:41:53.000,2023-12-24 08:53:12.000,3,3,1,0,2,2023-12-19 15:05:48,2023,12
6,24,INC47998769,"140,946,784",105,"5,848,267,268","5,848,267,268","80,859,673","-99,999",3,3,0,0,0,0,0,24,proceed,cancel,2023-12-20 12:23:13.000,2023-12-26 16:17:42.000,3,3,1,0,2,2023-12-20 00:56:29,2023,12
6,31,INC47997223,"166,126,616",122,"6,864,341,474","6,197,463,044","52,728,393","215,107,213",10,3,0,0,1,0,0,6,proceed,cancel,2023-12-21 22:55:24.000,2023-12-29 07:25:34.000,3,3,1,0,2,2023-12-19 20:50:02,2023,12
6,24,INC47999480,"140,946,784",105,"5,848,267,268","6,345,982,539","80,859,673","-99,999",3,3,0,0,0,0,0,19,proceed,cancel,2023-12-22 12:50:11.000,2023-12-22 12:50:42.000,3,3,1,0,2,2023-12-20 06:31:53,2023,12
6,31,INC47992802,"266,226,194",52,"6,867,816,819","6,867,816,819","103,830,082","569,369,906",7,3,0,1,1,1,0,8,proceed,cancel,2023-12-19 20:49:22.000,2023-12-23 07:50:26.000,3,3,1,0,2,2023-12-19 15:16:13,2023,12
6,24,INC47989993,"140,946,784",105,"5,848,267,268","5,848,267,268","80,859,673","-99,999",3,3,0,0,0,0,0,9,proceed,cancel,2023-12-19 20:23:14.000,2023-12-22 12:51:03.000,3,3,1,0,2,2023-12-19 06:51:39,2023,12
6,24,INC47997545,"266,226,194",121,"3,790,156,078","6,313,447,475","103,974,889","569,465,840",10,3,0,1,0,1,0,15,proceed,cancel,2023-12-20 16:09:11.000,2023-12-24 08:53:16.000,3,3,1,0,2,2023-12-19 21:20:19,2023,12
6,25,INC47996220,"266,226,194",63,"6,264,845,105","6,264,845,105","103,974,889","569,462,314",6,3,0,1,0,1,0,5,proceed,cancel,2023-12-19 19:57:59.000,2023-12-23 07:50:30.000,3,3,1,0,2,2023-12-19 19:27:00,2023,12
6,31,INC47997498,"166,126,616",16,"5,992,191,024","6,016,140,447","52,728,391","571,419,514",10,3,0,0,2,1,0,7,proceed,cancel,2023-12-21 21:37:06.000,2023-12-29 07:25:34.000,3,3,1,0,2,2023-12-19 21:14:57,2023,12
6,24,INC47997206,"266,226,194",51,"3,790,156,078","6,867,816,819","103,830,082","569,484,641",10,3,0,0,1,1,0,19,proceed,cancel,2024-01-02 15:42:32.000,2024-01-06 07:47:21.000,3,3,1,0,2,2023-12-19 20:48:00,2023,12
6,24,INC47995047,"266,226,194",121,"6,264,845,105","6,264,845,105","103,974,889","569,254,229",6,3,0,1,0,1,0,8,proceed,cancel,2023-12-19 18:06:20.000,2023-12-23 07:50:30.000,3,3,1,0,2,2023-12-19 17:55:54,2023,12
6,24,INC47994530,"266,226,194",51,"6,264,845,105","6,264,845,105","103,974,889","569,316,741",6,3,0,1,0,1,0,6,proceed,cancel,2023-12-19 17:16:56.000,2023-12-23 07:50:29.000,3,3,1,0,2,2023-12-19 17:13:04,2023,12
6,24,INC47999201,"140,946,784",105,"5,848,267,268","5,848,267,268","80,859,673","-99,999",3,3,0,0,0,0,0,11,proceed,cancel,2023-12-20 06:23:13.000,2023-12-26 16:17:38.000,3,3,1,0,2,2023-12-20 03:56:30,2023,12
6,24,INC47997028,"140,946,784",105,"5,848,267,268","5,848,267,268","80,859,673","-99,999",3,3,0,0,0,0,0,32,proceed,cancel,2023-12-20 00:53:13.000,2023-12-26 16:18:02.000,3,3,1,0,2,2023-12-19 20:32:20,2023,12
6,24,INC47991783,"166,126,616",121,"6,278,127,977","541,413","52,729,432","572,579,224",10,3,0,1,0,1,0,10,proceed,cancel,2023-12-27 12:30:29.000,2024-01-04 07:46:28.000,3,3,1,0,2,2023-12-19 14:03:49,2023,12
6,24,INC47997543,"140,946,784",105,"5,848,267,268","5,848,267,268","80,859,673","-99,999",3,5,0,0,0,0,0,9,proceed,cancel,2023-12-20 02:23:13.000,2023-12-27 07:44:41.000,3,3,1,0,2,2023-12-19 21:20:00,2023,12
6,24,INC47992667,"266,226,194",121,"3,790,156,078","6,817,329,706","103,830,082","569,288,150",10,3,0,0,1,1,0,14,proceed,cancel,2023-12-19 16:47:28.000,2023-12-23 07:50:24.000,3,3,1,0,2,2023-12-19 15:05:14,2023,12
6,31,INC47991758,"266,226,194",122,"6,867,816,819","6,867,816,819","103,830,082","569,354,765",7,3,0,1,1,0,0,10,proceed,cancel,2023-12-19 20:48:18.000,2023-12-23 07:50:22.000,3,3,1,0,2,2023-12-19 14:02:47,2023,12
6,31,INC47995390,"266,226,194",16,"6,313,447,475","6,817,328,029","103,830,082","569,339,171",6,3,0,1,1,1,0,15,proceed,cancel,2023-12-20 20:11:38.000,2023-12-24 08:53:14.000,3,3,1,0,2,2023-12-19 18:21:29,2023,12
6,31,INC47998057,"166,126,616",16,"6,207,662,063","5,703,040,921","52,728,392","572,672,075",10,3,0,0,1,0,0,6,proceed,cancel,2023-12-20 21:20:05.000,2023-12-28 08:07:03.000,3,3,1,0,2,2023-12-19 22:21:35,2023,12
6,24,INC47999493,"140,946,784",105,"5,848,267,268","5,848,267,268","80,859,673","-99,999",3,3,0,0,0,0,0,9,proceed,cancel,2023-12-20 23:53:14.000,2023-12-22 12:50:47.000,3,3,1,0,2,2023-12-20 06:38:02,2023,12
6,31,INC47991889,"166,126,616",122,"2,438,429,805","2,438,429,805","52,729,432","571,371,245",6,3,0,1,0,1,0,7,proceed,cancel,2023-12-19 14:24:21.000,2023-12-27 08:24:40.000,3,3,1,0,2,2023-12-19 14:11:15,2023,12
6,24,INC47998615,"140,946,784",105,"5,848,267,268","5,848,267,268","61,667,736","-99,999",3,3,0,0,0,0,0,21,proceed,cancel,2023-12-20 17:23:14.000,2023-12-28 07:37:09.000,3,3,1,0,2,2023-12-20 00:16:08,2023,12
6,24,INC47998296,"140,946,784",105,"5,848,267,268","5,848,267,268","80,859,673","-99,999",3,3,0,0,0,0,0,9,proceed,cancel,2023-12-20 00:53:13.000,2023-12-22 10:42:35.000,3,3,1,0,2,2023-12-19 22:58:35,2023,12
6,31,INC47991916,"166,126,616",122,"5,703,041,045","2,438,429,805","52,729,432","571,371,245",10,3,0,1,0,1,0,16,proceed,cancel,2023-12-21 12:53:13.000,2023-12-29 07:25:34.000,3,3,1,0,2,2023-12-19 14:12:39,2023,12
6,31,INC47991854,"266,226,194",122,"6,313,447,475","6,313,447,475","103,974,889","569,296,391",6,3,0,0,0,1,0,5,proceed,cancel,2023-12-19 14:36:13.000,2023-12-23 07:50:22.000,3,3,1,0,2,2023-12-19 14:08:35,2023,12
6,31,INC47991911,"166,126,616",122,"5,703,039,976","2,438,429,805","52,729,432","571,371,245",10,3,0,1,0,1,0,15,proceed,cancel,2023-12-21 12:41:33.000,2023-12-29 07:25:33.000,3,3,1,0,2,2023-12-19 14:12:27,2023,12
6,24,INC47989992,"140,946,784",105,"5,848,267,268","5,848,267,268","80,859,673","-99,999",3,3,0,0,0,0,0,9,proceed,cancel,2023-12-19 20:23:13.000,2023-12-22 12:51:02.000,3,3,1,0,2,2023-12-19 06:51:37,2023,12
6,24,INC47998295,"140,946,784",105,"5,848,267,268","5,848,267,268","80,859,673","-99,999",3,3,0,0,0,0,0,9,proceed,cancel,2023-12-20 00:53:13.000,2023-12-22 10:42:37.000,3,3,1,0,2,2023-12-19 22:58:33,2023,12
6,24,INC47992206,"266,226,194",121,"6,313,447,475","6,313,447,475","103,974,889","569,276,714",6,3,0,1,0,1,0,5,proceed,cancel,2023-12-19 17:14:51.000,2023-12-23 07:50:24.000,3,3,1,0,2,2023-12-19 14:33:10,2023,12
6,31,INC47996923,"166,126,616",16,"5,936,352,761","6,059,124,548","79,181,792","572,563,904",10,3,0,0,1,1,0,5,proceed,cancel,2023-12-20 15:34:10.000,2023-12-28 08:07:02.000,3,3,1,0,2,2023-12-19 20:22:25,2023,12
6,31,INC47999294,"166,126,616",122,"5,703,037,351","5,703,040,921","52,728,392","571,263,267",10,3,0,0,1,0,0,10,proceed,cancel,2023-12-29 17:53:22.000,2024-01-06 07:41:06.000,3,3,1,0,2,2023-12-20 04:50:26,2023,12
6,24,INC47996979,"166,126,616",121,"3,790,156,078","5,703,040,921","52,728,392","413,999,531",4,5,0,0,2,0,0,9,proceed,cancel,2023-12-21 17:23:37.000,2023-12-29 07:25:34.000,3,3,1,0,2,2023-12-19 20:27:06,2023,12
6,24,INC47999225,"140,946,784",105,"5,848,267,268","5,848,267,268","76,615,600","-99,999",3,3,0,0,0,0,0,7,proceed,cancel,2023-12-20 05:53:13.000,2023-12-26 16:24:20.000,3,3,1,0,2,2023-12-20 04:06:30,2023,12
6,31,INC47992782,"266,226,194",122,"6,867,816,819","6,867,816,819","103,830,082","569,354,765",7,3,0,1,1,0,0,9,proceed,cancel,2023-12-19 17:59:50.000,2023-12-23 07:50:26.000,3,3,1,0,2,2023-12-19 15:14:06,2023,12
6,24,INC47998266,"140,946,784",105,"5,848,267,268","6,345,982,539","80,859,673","-99,999",3,3,0,0,0,0,0,16,proceed,cancel,2023-12-22 10:41:59.000,2023-12-22 10:42:26.000,3,3,1,0,2,2023-12-19 22:53:08,2023,12
6,25,INC47990635,"266,226,194",63,"6,200,018,870","6,200,018,870","103,974,889","569,311,731",6,3,0,1,0,1,0,5,proceed,cancel,2023-12-19 11:31:56.000,2023-12-23 07:50:19.000,3,3,1,0,2,2023-12-19 11:29:50,2023,12
6,24,INC47998209,"166,126,616",121,"6,836,331,029","5,703,040,840","52,728,394","214,602,769",10,3,0,0,1,1,0,5,proceed,cancel,2024-06-21 18:50:25.000,2024-06-29 06:20:06.000,3,3,1,0,2,2023-12-19 22:43:20,2023,12
6,24,INC47989998,"140,946,784",105,"5,848,267,268","5,848,267,268","80,859,673","-99,999",3,3,0,0,0,0,0,9,proceed,cancel,2023-12-19 20:23:13.000,2023-12-22 12:51:00.000,3,3,1,0,2,2023-12-19 06:52:45,2023,12
6,24,INC47992714,"140,946,784",105,"5,848,267,268","-99,999","76,615,600","-99,999",3,3,0,0,0,0,0,16,proceed,cancel,2024-02-24 08:06:38.000,2024-02-24 08:06:38.000,3,3,1,0,2,2023-12-19 15:08:24,2023,12
6,24,INC47991416,"266,226,194",121,"6,313,447,475","6,313,447,475","103,974,889","569,435,003",6,3,0,1,0,1,0,5,proceed,cancel,2023-12-19 13:47:55.000,2023-12-23 07:50:21.000,3,3,1,0,2,2023-12-19 13:39:14,2023,12
6,24,INC47989991,"140,946,784",105,"5,848,267,268","5,848,267,268","80,859,673","-99,999",3,3,0,0,0,0,0,9,proceed,cancel,2023-12-19 20:23:13.000,2023-12-22 12:51:04.000,3,3,1,0,2,2023-12-19 06:51:36,2023,12
6,24,INC47989549,"140,946,784",105,"5,848,267,268","5,848,267,268","76,615,600","-99,999",3,3,0,0,0,0,0,11,proceed,cancel,2023-12-19 20:23:13.000,2023-12-27 07:44:38.000,3,3,1,0,2,2023-12-19 02:18:24,2023,12
6,24,INC47979373,"140,946,784",105,"5,848,267,268","6,345,982,539","80,859,673","-99,999",3,3,0,0,0,0,0,38,proceed,cancel,2023-12-18 10:53:40.000,2023-12-18 10:53:57.000,3,3,1,0,2,2023-12-18 07:22:32,2023,12
6,24,INC47980035,"140,946,784",105,"5,848,267,268","6,293,179,578","76,615,600","-99,999",3,3,0,0,0,0,0,7,proceed,cancel,2023-12-21 06:10:49.000,2023-12-21 06:11:35.000,3,3,1,0,2,2023-12-18 11:27:37,2023,12
6,24,INC47979786,"266,226,194",121,"6,304,994,586","6,817,331,932","103,830,084","569,450,566",6,3,0,1,1,1,0,10,proceed,cancel,2023-12-18 13:19:26.000,2023-12-22 08:01:46.000,3,3,1,0,2,2023-12-18 09:56:13,2023,12
6,31,INC47992181,"166,126,616",122,"2,438,429,805","2,438,429,805","52,729,432","215,207,061",6,3,0,1,0,1,0,3,proceed,cancel,2023-12-19 14:38:08.000,2023-12-27 08:24:40.000,3,3,1,0,2,2023-12-19 14:31:12,2023,12
6,31,INC47988573,"266,226,194",122,"5,802,967,307","5,802,967,307","103,974,889","569,381,233",6,3,0,1,0,1,0,7,proceed,cancel,2023-12-19 01:50:28.000,2023-12-22 08:01:57.000,3,3,1,0,2,2023-12-18 22:21:49,2023,12
6,24,INC47989429,"166,126,616",51,"5,703,037,759","5,703,040,921","52,728,392","215,117,249",10,3,0,0,2,1,0,14,proceed,cancel,2024-01-08 14:06:17.000,2024-01-16 09:06:49.000,3,3,1,0,2,2023-12-19 01:36:49,2023,12
6,31,INC47989658,"166,126,616",122,"6,059,117,872","5,802,727,114","52,728,393","575,972,787",10,3,0,0,1,1,0,7,proceed,cancel,2023-12-21 02:19:00.000,2023-12-28 08:07:02.000,3,3,1,0,2,2023-12-19 03:09:19,2023,12
6,24,INC47997294,"166,126,616",51,"3,503,348,459","6,770,881,793","52,728,392","215,017,395",6,5,0,0,1,0,0,10,proceed,cancel,2023-12-21 05:08:23.000,2023-12-28 08:07:03.000,3,3,1,0,2,2023-12-19 20:56:03,2023,12
6,31,INC47991342,"166,126,616",122,"5,936,352,761","6,059,124,548","79,181,792","576,164,409",10,3,0,0,1,1,0,6,proceed,cancel,2023-12-19 17:26:17.000,2023-12-27 08:24:39.000,3,3,1,0,2,2023-12-19 13:32:12,2023,12
6,24,INC47864952,"266,226,194",121,"6,264,845,105","6,264,845,105","103,974,889","569,465,840",6,3,0,1,0,1,0,7,proceed,cancel,2023-12-04 13:45:15.000,2023-12-08 08:02:57.000,3,3,1,0,2,2023-12-04 13:12:58,2023,12
6,24,INC47875371,"140,946,784",105,"5,848,267,268","5,848,267,268","76,615,600","-99,999",3,3,0,0,0,0,0,7,proceed,cancel,2023-12-05 08:23:13.000,2023-12-05 11:29:43.000,3,3,1,0,2,2023-12-05 04:44:16,2023,12
6,31,INC47874696,"166,126,616",122,"6,193,088,209","6,197,463,044","52,728,393","572,556,054",10,3,0,0,2,0,0,18,proceed,cancel,2023-12-28 16:05:38.000,2024-01-05 07:21:53.000,3,3,1,1,2,2023-12-05 00:25:50,2023,12
6,24,INC47864118,"140,946,784",105,"5,848,267,268","5,848,267,268","76,615,600","-99,999",3,3,0,0,0,0,0,8,proceed,cancel,2023-12-04 11:23:13.000,2023-12-15 07:47:01.000,3,3,1,0,2,2023-12-04 09:53:21,2023,12
6,31,INC47874244,"266,226,194",122,"3,790,156,078","6,817,329,420","103,830,082","569,478,663",10,3,0,0,1,1,0,16,proceed,cancel,2023-12-22 00:13:39.000,2023-12-22 00:13:48.000,3,3,1,0,2,2023-12-04 23:10:40,2023,12
6,24,INC47865422,"266,226,194",121,"6,264,845,105","6,264,845,105","103,974,889","569,373,343",6,3,0,1,0,1,0,12,proceed,cancel,2023-12-04 14:07:50.000,2023-12-08 08:03:00.000,3,3,1,0,2,2023-12-04 13:39:29,2023,12
6,24,INC47875320,"140,946,784",105,"5,848,267,268","5,848,267,268","76,615,600","-99,999",3,3,0,0,0,0,0,8,proceed,cancel,2023-12-05 05:23:14.000,2023-12-05 11:29:41.000,3,3,1,0,2,2023-12-05 04:13:45,2023,12
6,24,INC47865931,"266,226,194",121,"6,817,328,779","6,867,816,743","103,830,082","569,463,306",7,3,0,1,1,1,0,10,proceed,cancel,2023-12-04 16:09:08.000,2023-12-08 08:03:03.000,3,3,1,0,2,2023-12-04 14:09:40,2023,12
6,31,INC47869879,"166,126,616",122,"2,438,429,805","5,703,040,921","52,728,392","215,017,395",6,3,0,0,1,0,0,5,proceed,cancel,2023-12-11 14:40:29.000,2023-12-19 08:50:38.000,3,3,1,0,2,2023-12-04 17:34:49,2023,12
6,31,INC47872119,"266,226,194",122,"3,790,156,078","6,867,816,743","103,830,082","569,370,289",10,3,0,1,1,1,0,16,proceed,cancel,2023-12-05 14:31:02.000,2023-12-09 07:56:54.000,3,3,1,0,2,2023-12-04 19:53:09,2023,12
6,31,INC47872525,"166,126,616",122,"541,413","6,322,476,946","52,729,065","572,563,904",6,3,0,0,1,1,0,6,proceed,cancel,2024-01-02 17:13:34.000,2024-01-10 09:17:26.000,3,3,1,0,2,2023-12-04 20:19:01,2023,12
6,24,INC47869149,"266,226,194",121,"6,313,447,475","6,313,447,475","103,974,889","569,296,391",6,3,0,1,0,1,0,5,proceed,cancel,2023-12-04 17:03:17.000,2023-12-08 08:03:09.000,3,3,1,0,2,2023-12-04 16:51:28,2023,12
6,24,INC47875279,"140,946,784",105,"5,848,267,268","5,848,267,268","76,615,600","-99,999",3,3,0,0,0,0,0,8,proceed,cancel,2023-12-05 04:53:15.000,2023-12-15 07:47:06.000,3,3,1,0,2,2023-12-05 03:51:14,2023,12
6,25,INC47865480,"266,226,194",63,"6,838,119,269","6,838,119,269","103,974,889","569,255,098",6,3,0,1,0,1,0,7,proceed,cancel,2023-12-04 14:17:51.000,2023-12-08 08:03:01.000,3,3,1,0,2,2023-12-04 13:43:03,2023,12
6,31,INC47882054,"166,126,616",122,"2,438,429,805","6,770,881,793","52,728,392","561,183,411",6,3,0,0,1,1,0,5,proceed,cancel,2023-12-05 18:32:53.000,2023-12-13 08:43:59.000,3,3,1,0,2,2023-12-05 18:25:29,2023,12
6,24,INC47880974,"140,946,784",105,"5,848,267,268","5,848,267,268","61,667,736","-99,999",3,3,0,0,0,0,0,8,proceed,cancel,2023-12-05 21:53:16.000,2023-12-09 08:25:46.000,3,3,1,0,2,2023-12-05 17:15:23,2023,12
6,24,INC47863878,"140,946,784",105,"5,848,267,268","5,848,267,268","61,667,736","-99,999",3,3,0,0,0,0,0,7,proceed,cancel,2023-12-04 09:23:13.000,2023-12-12 08:13:28.000,3,3,1,0,2,2023-12-04 07:32:34,2023,12
6,24,INC47881990,"140,946,784",105,"5,848,267,268","5,848,267,268","80,859,673","-99,999",3,3,0,0,0,0,0,7,proceed,cancel,2023-12-05 19:53:14.000,2023-12-13 07:54:06.000,3,3,1,0,2,2023-12-05 18:21:10,2023,12
6,31,INC47870923,"166,126,616",122,"2,438,429,805","5,802,727,114","52,728,393","215,117,249",6,3,0,0,1,1,0,5,proceed,cancel,2023-12-04 22:00:05.000,2023-12-12 09:10:05.000,3,3,1,0,2,2023-12-04 18:39:54,2023,12
6,24,INC47886232,"140,946,784",105,"5,848,267,268","5,848,267,268","80,859,673","-99,999",3,3,0,0,0,0,0,9,proceed,cancel,2023-12-06 04:53:14.000,2023-12-09 08:15:18.000,3,3,1,0,2,2023-12-06 03:31:44,2023,12
6,24,INC47870359,"140,946,784",105,"5,848,267,268","5,848,267,268","80,859,673","-99,999",3,3,0,0,0,0,0,13,proceed,cancel,2023-12-04 20:23:14.000,2023-12-15 07:47:03.000,3,3,1,0,2,2023-12-04 18:04:34,2023,12
6,31,INC47864184,"140,946,784",16,"6,345,982,539","6,293,179,578","76,615,600","-99,999",10,3,0,0,3,0,0,25,proceed,cancel,2023-12-07 07:47:40.000,2023-12-07 07:47:56.000,3,3,1,0,2,2023-12-04 10:26:03,2023,12
6,24,INC47864660,"266,226,194",121,"6,264,845,105","6,264,845,105","103,974,889","569,265,189",4,3,0,1,0,1,0,12,proceed,cancel,2023-12-05 12:12:20.000,2023-12-09 07:56:51.000,3,3,1,0,2,2023-12-04 12:43:52,2023,12
6,24,INC47876005,"140,946,784",105,"5,848,267,268","5,848,267,268","80,859,673","-99,999",3,3,0,0,0,0,0,8,proceed,cancel,2023-12-06 02:53:13.000,2023-12-09 08:04:34.000,3,3,1,0,2,2023-12-05 09:02:45,2023,12
6,31,INC47872590,"266,226,194",122,"6,817,328,188","6,817,328,188","103,830,082","569,393,051",4,3,0,0,1,1,0,8,proceed,cancel,2023-12-07 20:47:44.000,2023-12-07 20:47:44.000,3,3,1,0,2,2023-12-04 20:22:27,2023,12
6,24,INC47871096,"140,946,784",105,"5,848,267,268","5,848,267,268","76,615,600","-99,999",3,3,0,0,0,0,0,7,proceed,cancel,2023-12-04 21:23:13.000,2023-12-12 08:13:37.000,3,3,1,0,2,2023-12-04 18:50:53,2023,12
6,24,INC47871471,"266,226,194",121,"6,313,447,475","6,313,447,475","103,974,889","569,324,021",6,3,0,1,0,1,0,4,proceed,cancel,2023-12-04 19:13:43.000,2023-12-08 08:03:13.000,3,3,1,0,2,2023-12-04 19:12:29,2023,12
6,24,INC47873245,"166,126,616",121,"5,759,423,830","5,749,534,622","52,728,392","214,667,627",6,4,0,0,1,1,0,6,proceed,cancel,2023-12-08 18:40:33.000,2023-12-16 07:52:06.000,2,2,1,0,1,2023-12-04 21:13:18,2023,12
6,24,INC47873157,"140,946,784",105,"5,848,267,268","5,848,267,268","61,667,736","-99,999",3,3,0,0,0,0,0,7,proceed,cancel,2023-12-05 22:23:17.000,2023-12-13 07:53:52.000,3,3,1,0,2,2023-12-04 21:06:26,2023,12
6,31,INC47865901,"266,226,194",16,"6,313,447,475","6,313,447,475","103,974,889","569,280,921",6,3,0,1,0,1,0,14,proceed,cancel,2023-12-04 14:36:57.000,2023-12-08 08:03:02.000,3,3,1,0,2,2023-12-04 14:08:37,2023,12
6,24,INC47874904,"266,226,194",121,"6,251,464,626","6,264,845,105","103,974,889","569,296,391",6,3,0,1,0,1,0,11,proceed,cancel,2023-12-06 12:04:48.000,2023-12-10 10:25:47.000,3,3,1,0,2,2023-12-05 01:11:06,2023,12
6,25,INC47865057,"266,226,194",63,"6,838,119,269","6,838,119,269","103,974,889","569,255,098",2,3,0,1,0,1,0,5,proceed,cancel,2023-12-04 13:25:27.000,2023-12-08 08:02:58.000,3,3,1,0,2,2023-12-04 13:20:57,2023,12
6,31,INC47871382,"266,226,194",122,"3,790,156,078","6,817,329,706","103,830,082","569,455,172",10,3,0,0,1,0,0,10,proceed,cancel,2023-12-04 21:58:04.000,2023-12-08 08:03:12.000,3,3,1,0,2,2023-12-04 19:07:43,2023,12
6,31,INC47869915,"166,126,616",52,"5,707,696,790","5,703,040,921","67,354,644","-99,999",10,3,0,0,2,0,0,5,proceed,cancel,2024-01-19 18:15:34.000,2024-01-27 07:46:19.000,3,3,1,0,2,2023-12-04 17:37:19,2023,12
6,24,INC47866221,"266,226,194",121,"6,838,119,269","6,838,119,269","103,974,889","569,339,437",6,3,0,1,0,1,0,8,proceed,cancel,2023-12-04 17:17:32.000,2023-12-08 08:03:04.000,3,3,1,0,2,2023-12-04 14:29:12,2023,12
6,24,INC47880082,"266,226,194",121,"6,264,845,105","6,264,845,105","103,974,889","569,316,741",6,3,0,1,0,1,0,5,proceed,cancel,2023-12-05 16:35:08.000,2023-12-09 07:57:09.000,3,3,1,0,2,2023-12-05 16:27:02,2023,12
6,24,INC47864368,"266,226,194",121,"6,817,327,868","6,867,816,743","103,830,082","569,280,921",6,3,0,1,3,1,0,27,proceed,cancel,2023-12-05 15:08:32.000,2023-12-09 07:56:51.000,3,3,1,0,2,2023-12-04 11:39:58,2023,12
6,24,INC47864993,"266,226,194",121,"6,313,447,475","6,867,816,819","103,830,082","569,435,003",6,3,0,0,3,1,0,25,proceed,cancel,2023-12-04 19:39:18.000,2023-12-08 08:02:58.000,3,3,1,0,2,2023-12-04 13:16:14,2023,12
6,24,INC47873247,"140,946,784",105,"5,848,267,268","5,848,267,268","76,615,600","-99,999",3,5,0,0,0,0,0,34,proceed,cancel,2023-12-06 02:23:13.000,2023-12-13 06:31:26.000,3,3,1,0,2,2023-12-04 21:13:24,2023,12
6,24,INC47870249,"266,226,194",121,"3,790,156,078","-99,999","103,974,889","569,276,714",10,3,0,0,0,1,0,24,proceed,cancel,2023-12-11 09:07:45.000,2023-12-11 09:07:45.000,3,3,1,0,2,2023-12-04 17:58:35,2023,12
6,24,INC47864519,"140,946,784",105,"5,848,267,268","5,848,267,268","76,615,600","-99,999",3,3,0,0,0,0,0,7,proceed,cancel,2023-12-04 14:53:14.000,2023-12-12 08:13:34.000,3,3,1,0,2,2023-12-04 12:18:52,2023,12
6,24,INC47863874,"140,946,784",105,"5,848,267,268","5,848,267,268","76,615,600","-99,999",3,5,0,0,0,0,0,8,proceed,cancel,2023-12-04 08:53:13.000,2023-12-12 08:13:25.000,3,3,1,0,2,2023-12-04 07:31:20,2023,12
6,24,INC47863877,"140,946,784",105,"5,848,267,268","5,848,267,268","61,667,736","-99,999",3,3,0,0,0,0,0,7,proceed,cancel,2023-12-04 09:23:13.000,2023-12-12 08:13:27.000,3,3,1,0,2,2023-12-04 07:32:32,2023,12
6,31,INC47871959,"166,126,616",122,"5,796,265,180","5,703,041,143","87,971,197","214,720,028",10,3,0,0,1,1,0,5,proceed,cancel,2023-12-04 19:52:39.000,2023-12-12 09:10:06.000,3,3,1,0,2,2023-12-04 19:42:06,2023,12
6,24,INC47872885,"140,946,784",105,"5,848,267,268","5,848,267,268","80,859,673","-99,999",3,3,0,0,0,0,0,39,proceed,cancel,2023-12-05 07:53:13.000,2023-12-15 07:47:04.000,3,3,1,0,2,2023-12-04 20:44:35,2023,12
6,24,INC47866313,"266,226,194",121,"6,264,845,105","6,817,329,706","103,830,082","569,462,314",6,3,0,0,1,1,0,17,proceed,cancel,2023-12-04 20:53:02.000,2023-12-08 08:03:05.000,3,3,1,0,2,2023-12-04 14:34:07,2023,12
6,24,INC47864065,"140,946,784",105,"5,848,267,268","5,848,267,268","61,667,736","-99,999",3,3,0,0,0,0,0,24,proceed,cancel,2023-12-04 11:23:13.000,2023-12-12 08:13:30.000,3,3,1,0,2,2023-12-04 09:03:00,2023,12
6,31,INC47874227,"166,126,616",16,"3,503,348,459","3,503,348,459","52,729,432","571,456,467",6,3,0,1,0,0,0,3,proceed,cancel,2023-12-04 23:10:52.000,2023-12-12 09:10:07.000,3,3,1,0,2,2023-12-04 23:08:52,2023,12
6,25,INC47865196,"266,226,194",63,"6,838,119,269","6,838,119,269","103,974,889","569,246,095",6,3,0,1,0,1,0,6,proceed,cancel,2023-12-04 14:37:41.000,2023-12-08 08:03:00.000,3,3,1,0,2,2023-12-04 13:28:09,2023,12
6,31,INC47870978,"166,126,616",122,"5,703,041,185","5,703,041,143","87,971,197","215,157,250",10,3,0,0,1,0,0,5,proceed,cancel,2023-12-04 20:16:53.000,2023-12-12 09:10:06.000,3,3,1,0,2,2023-12-04 18:43:51,2023,12
6,24,INC47873250,"140,946,784",105,"5,848,267,268","5,848,267,268","80,859,673","-99,999",3,5,0,0,0,0,0,11,proceed,cancel,2023-12-06 02:23:13.000,2023-12-13 06:31:41.000,3,3,1,0,2,2023-12-04 21:13:29,2023,12
6,24,INC47875348,"166,126,616",121,"5,703,040,230","6,197,463,044","52,728,393","575,972,787",10,3,0,0,1,1,0,10,proceed,cancel,2023-12-06 14:09:11.000,2023-12-14 08:26:01.000,3,3,1,0,2,2023-12-05 04:30:19,2023,12
6,24,INC47870917,"166,126,616",121,"5,882,166,373","5,703,040,455","52,728,392","215,023,954",10,3,0,0,1,1,0,6,proceed,cancel,2023-12-04 19:18:47.000,2023-12-12 09:10:05.000,3,3,1,0,2,2023-12-04 18:39:33,2023,12
6,24,INC47864173,"266,226,194",121,"6,304,994,586","6,304,994,586","103,974,889","569,276,941",6,3,0,1,0,1,0,6,proceed,cancel,2023-12-04 10:28:52.000,2023-12-08 08:02:54.000,3,3,1,0,2,2023-12-04 10:21:09,2023,12
6,24,INC47873158,"140,946,784",105,"5,848,267,268","5,848,267,268","61,667,736","-99,999",3,3,0,0,0,0,0,7,proceed,cancel,2023-12-05 22:23:17.000,2023-12-13 07:53:52.000,3,3,1,0,2,2023-12-04 21:06:27,2023,12
6,24,INC47872694,"140,946,784",105,"5,848,267,268","5,848,267,268","76,615,600","-99,999",3,3,0,0,0,0,0,7,proceed,cancel,2023-12-04 22:53:14.000,2023-12-12 08:13:38.000,3,3,1,0,2,2023-12-04 20:30:43,2023,12
6,24,INC47868627,"266,226,194",121,"6,264,845,105","6,264,845,105","103,974,889","569,373,343",6,3,0,1,0,1,0,13,proceed,cancel,2023-12-04 16:48:32.000,2023-12-08 08:03:09.000,3,3,1,0,2,2023-12-04 16:24:25,2023,12
6,31,INC47875544,"140,946,784",16,"6,293,179,578","6,293,179,578","76,615,600","-99,999",10,3,0,0,3,0,0,19,proceed,cancel,2023-12-05 09:02:22.000,2023-12-05 09:02:50.000,3,3,1,0,2,2023-12-05 05:52:03,2023,12
6,24,INC47867577,"140,946,784",105,"5,848,267,268","5,848,267,268","80,859,673","-99,999",3,3,0,0,0,0,0,28,proceed,cancel,2023-12-04 18:23:15.000,2023-12-12 08:13:36.000,3,3,1,0,2,2023-12-04 15:28:33,2023,12
6,31,INC47871799,"166,126,616",122,"6,810,465,407","5,802,727,114","52,728,393","215,117,249",10,3,0,0,1,1,0,5,proceed,cancel,2023-12-12 15:44:55.000,2023-12-20 08:26:32.000,3,3,1,0,2,2023-12-04 19:31:50,2023,12
6,24,INC47875321,"140,946,784",105,"5,848,267,268","5,848,267,268","76,615,600","-99,999",3,3,0,0,0,0,0,8,proceed,cancel,2023-12-05 05:23:14.000,2023-12-05 11:29:44.000,3,3,1,0,2,2023-12-05 04:13:46,2023,12
6,24,INC47865877,"140,946,784",105,"5,848,267,268","5,848,267,268","76,615,600","-99,999",3,3,0,0,0,0,0,7,proceed,cancel,2023-12-04 15:23:13.000,2023-12-12 08:13:35.000,3,3,1,0,2,2023-12-04 14:06:53,2023,12
6,24,INC47870136,"266,226,194",121,"3,790,156,078","6,867,816,743","103,830,082","569,465,840",4,3,0,1,1,1,0,11,proceed,cancel,2023-12-05 20:41:37.000,2023-12-09 07:56:53.000,3,3,1,0,2,2023-12-04 17:51:34,2023,12
6,24,INC47875290,"140,946,784",105,"5,848,267,268","5,848,267,268","76,615,600","-99,999",3,3,0,0,0,0,0,7,proceed,cancel,2023-12-05 05:53:13.000,2023-12-12 08:13:41.000,3,3,1,0,2,2023-12-05 03:55:05,2023,12
6,31,INC47865755,"166,126,616",122,"3,790,156,078","5,703,040,455","52,728,392","572,656,576",4,3,0,0,1,0,0,6,proceed,cancel,2023-12-04 14:58:24.000,2023-12-12 09:10:05.000,3,3,1,0,2,2023-12-04 14:00:48,2023,12
6,24,INC47873779,"166,126,616",51,"5,767,479,515","6,197,463,044","52,728,393","215,157,251",10,3,0,0,2,1,0,14,proceed,cancel,2023-12-05 21:32:40.000,2023-12-13 08:43:57.000,3,3,1,0,2,2023-12-04 22:05:49,2023,12
6,24,INC47869298,"266,226,194",121,"6,838,119,269","6,838,119,269","103,974,889","569,280,921",6,3,0,1,0,1,0,12,proceed,cancel,2023-12-04 17:28:54.000,2023-12-08 08:03:10.000,3,3,1,0,2,2023-12-04 17:00:40,2023,12
6,24,INC47873249,"140,946,784",105,"5,848,267,268","5,848,267,268","76,615,600","-99,999",3,5,0,0,0,0,0,11,proceed,cancel,2023-12-06 02:23:13.000,2023-12-13 06:31:40.000,3,3,1,0,2,2023-12-04 21:13:27,2023,12
6,24,INC47870086,"266,226,194",121,"6,867,816,743","6,867,816,743","103,830,082","569,446,527",4,3,0,1,1,1,0,8,proceed,cancel,2023-12-04 17:51:35.000,2023-12-08 08:03:11.000,3,3,1,0,2,2023-12-04 17:48:05,2023,12
6,31,INC47871904,"166,126,616",16,"5,703,040,230","5,802,727,114","52,728,393","575,972,787",10,3,0,0,1,1,0,8,proceed,cancel,2023-12-04 22:01:11.000,2023-12-12 09:10:06.000,3,3,1,0,2,2023-12-04 19:38:55,2023,12
6,24,INC47863848,"266,226,194",121,"6,737,115,314","6,264,845,105","103,974,889","569,280,921",6,3,0,1,0,1,0,14,proceed,cancel,2023-12-06 12:07:12.000,2023-12-10 10:25:46.000,3,3,1,0,2,2023-12-04 07:16:22,2023,12
6,24,INC47872764,"166,126,616",121,"6,487,679,766","5,802,727,114","52,728,393","215,107,213",10,3,0,0,1,0,0,6,proceed,cancel,2023-12-12 16:12:00.000,2023-12-20 08:26:32.000,3,3,1,0,2,2023-12-04 20:36:02,2023,12
6,31,INC47875017,"140,946,784",16,"5,916,170,592","6,293,179,578","76,615,600","-99,999",10,3,0,0,3,0,0,17,proceed,cancel,2023-12-07 06:57:25.000,2023-12-07 07:02:35.000,3,3,1,0,2,2023-12-05 01:46:57,2023,12
6,24,INC47874477,"140,946,784",105,"5,848,267,268","5,848,267,268","76,615,600","-99,999",3,3,0,0,0,0,0,8,proceed,cancel,2023-12-05 01:53:13.000,2023-12-05 09:16:05.000,3,3,1,0,2,2023-12-04 23:54:54,2023,12
6,24,INC47873490,"166,126,616",121,"5,703,041,068","5,703,040,921","52,728,392","561,183,411",10,3,0,0,1,1,0,6,proceed,cancel,2023-12-04 22:52:02.000,2023-12-12 09:10:07.000,3,3,1,0,2,2023-12-04 21:37:34,2023,12
6,31,INC47874294,"266,226,194",122,"3,790,156,078","6,817,329,706","103,830,082","569,255,282",10,3,0,0,1,0,0,9,proceed,cancel,2023-12-04 23:50:09.000,2023-12-08 08:03:14.000,3,3,1,0,2,2023-12-04 23:18:56,2023,12
6,24,INC47866849,"140,946,784",105,"5,848,267,268","5,848,267,268","76,615,600","-99,999",3,3,0,0,0,0,0,7,proceed,cancel,2023-12-04 19:23:13.000,2023-12-12 08:13:35.000,3,3,1,0,2,2023-12-04 15:02:55,2023,12
6,24,INC47868222,"266,226,194",121,"6,838,119,269","6,838,119,269","103,974,889","569,465,840",6,3,0,1,0,1,0,5,proceed,cancel,2023-12-04 16:07:27.000,2023-12-08 08:03:08.000,3,3,1,0,2,2023-12-04 16:04:06,2023,12
6,24,INC47867553,"266,226,194",121,"3,790,156,078","6,838,119,269","103,974,889","569,484,641",10,3,0,1,0,1,0,17,proceed,cancel,2023-12-04 18:56:40.000,2023-12-08 08:03:07.000,3,3,1,0,2,2023-12-04 15:27:05,2023,12
6,31,INC47865865,"140,946,784",16,"6,345,982,539","6,293,179,578","76,615,600","-99,999",10,3,0,0,3,0,0,19,proceed,cancel,2023-12-13 06:28:06.000,2023-12-13 06:31:17.000,3,3,1,0,2,2023-12-04 14:06:32,2023,12
6,24,INC47873821,"166,126,616",121,"5,759,423,830","5,703,040,921","52,728,392","572,556,054",6,5,0,0,1,0,0,7,proceed,cancel,2023-12-05 15:10:29.000,2023-12-13 08:43:57.000,2,3,1,0,2,2023-12-04 22:10:06,2023,12
6,24,INC47864388,"266,226,194",121,"6,304,994,586","6,867,816,819","103,830,082","569,280,921",6,3,0,0,1,1,0,12,proceed,cancel,2023-12-04 19:38:42.000,2023-12-08 08:02:55.000,3,3,1,0,2,2023-12-04 11:44:47,2023,12
6,31,INC47869918,"166,126,616",122,"5,703,037,754","5,703,040,921","52,728,392","571,263,266",10,3,0,0,1,0,0,8,proceed,cancel,2023-12-12 11:31:11.000,2023-12-20 08:26:32.000,3,3,1,0,2,2023-12-04 17:37:25,2023,12
6,31,INC47867541,"266,226,194",122,"6,867,816,819","6,867,816,819","103,830,082","569,354,765",7,3,0,0,1,0,0,10,proceed,cancel,2023-12-04 19:38:08.000,2023-12-08 08:03:07.000,3,3,1,0,2,2023-12-04 15:26:23,2023,12
6,24,INC47869251,"266,226,194",121,"6,264,845,105","6,264,845,105","103,974,889","569,465,840",6,3,0,1,0,1,0,8,proceed,cancel,2023-12-04 16:59:09.000,2023-12-08 08:03:10.000,3,3,1,0,2,2023-12-04 16:57:04,2023,12
6,24,INC47872651,"166,126,616",121,"5,882,166,373","5,703,038,618","52,728,391","571,317,135",10,3,0,0,2,1,0,7,proceed,cancel,2023-12-06 16:31:20.000,2023-12-14 08:26:00.000,3,3,1,0,2,2023-12-04 20:27:30,2023,12
6,24,INC47864794,"266,226,194",121,"6,264,845,105","6,264,845,105","103,974,889","569,469,943",6,3,0,1,0,1,0,6,proceed,cancel,2023-12-04 13:05:14.000,2023-12-08 08:02:56.000,3,3,1,0,2,2023-12-04 12:55:41,2023,12
6,24,INC47864310,"140,946,784",105,"5,848,267,268","5,848,267,268","76,615,600","-99,999",3,3,0,0,0,0,0,8,proceed,cancel,2023-12-04 12:23:13.000,2023-12-15 07:47:02.000,3,3,1,0,2,2023-12-04 11:21:30,2023,12
6,24,INC47875329,"140,946,784",105,"5,848,267,268","5,848,267,268","76,615,600","-99,999",3,3,0,0,0,0,0,8,proceed,cancel,2023-12-05 05:23:14.000,2023-12-05 11:29:39.000,3,3,1,0,2,2023-12-05 04:14:56,2023,12
6,24,INC47875323,"140,946,784",105,"5,848,267,268","5,848,267,268","76,615,600","-99,999",3,3,0,0,0,0,0,8,proceed,cancel,2023-12-05 05:23:14.000,2023-12-05 11:29:45.000,3,3,1,0,2,2023-12-05 04:13:49,2023,12
6,24,INC47866153,"266,226,194",121,"6,264,845,105","6,264,845,105","103,974,889","569,465,840",6,3,0,1,0,1,0,5,proceed,cancel,2023-12-04 14:27:40.000,2023-12-08 08:03:04.000,3,3,1,0,2,2023-12-04 14:24:57,2023,12
6,31,INC47869506,"166,126,616",16,"2,438,429,805","2,438,429,805","52,729,432","571,456,467",6,3,0,1,0,0,0,2,proceed,cancel,2023-12-04 17:15:50.000,2023-12-12 09:10:05.000,3,3,1,0,2,2023-12-04 17:13:53,2023,12
6,24,INC47866723,"266,226,194",121,"3,790,156,078","6,264,845,105","103,974,889","569,311,341",10,3,0,1,0,1,0,17,proceed,cancel,2023-12-04 16:15:27.000,2023-12-08 08:03:06.000,3,3,1,0,2,2023-12-04 14:55:47,2023,12
6,24,INC47864349,"266,226,194",121,"6,304,994,586","6,313,447,475","103,974,889","569,280,921",6,3,0,1,2,1,0,32,proceed,cancel,2023-12-07 14:15:45.000,2023-12-11 09:07:29.000,3,3,1,0,2,2023-12-04 11:32:42,2023,12
6,24,INC47870891,"266,226,194",52,"3,790,156,078","6,247,695,725","103,974,889","569,411,670",10,3,0,1,0,1,0,15,proceed,cancel,2023-12-06 17:41:31.000,2023-12-10 10:25:46.000,3,3,1,0,2,2023-12-04 18:38:10,2023,12
6,31,INC47864876,"166,126,616",122,"2,438,429,805","6,016,140,447","52,728,392","576,149,213",6,3,0,0,1,0,0,6,proceed,cancel,2023-12-05 13:58:08.000,2023-12-13 08:43:56.000,3,3,1,0,2,2023-12-04 13:04:53,2023,12
6,24,INC47866107,"140,946,784",105,"5,848,267,268","5,848,267,268","76,615,600","-99,999",3,3,0,0,0,0,0,12,proceed,cancel,2023-12-04 16:23:16.000,2023-12-15 07:47:02.000,3,3,1,0,2,2023-12-04 14:21:52,2023,12
6,24,INC47874175,"140,946,784",105,"5,848,267,268","5,848,267,268","80,859,673","-99,999",3,3,0,0,0,0,0,7,proceed,cancel,2023-12-05 00:23:13.000,2023-12-12 08:13:40.000,3,3,1,0,2,2023-12-04 23:00:35,2023,12
6,24,INC47865500,"266,226,194",121,"6,838,119,269","6,838,119,269","103,974,889","569,299,974",6,3,0,1,0,1,0,17,proceed,cancel,2023-12-05 16:30:19.000,2023-12-09 07:56:52.000,3,3,1,0,2,2023-12-04 13:44:49,2023,12
6,24,INC47865253,"266,226,194",121,"3,790,156,078","6,247,695,725","103,974,889","569,473,206",10,3,0,1,0,1,0,13,proceed,cancel,2023-12-05 18:37:16.000,2023-12-09 07:56:52.000,3,3,1,0,2,2023-12-04 13:29:10,2023,12
6,31,INC47875025,"266,226,194",122,"3,790,156,078","6,817,329,706","103,830,082","569,455,172",10,3,0,0,1,0,0,11,proceed,cancel,2023-12-08 23:22:41.000,2023-12-12 09:21:06.000,3,3,1,0,2,2023-12-05 01:50:34,2023,12
6,24,INC47864053,"266,226,194",121,"6,304,994,586","6,304,994,586","103,974,889","569,276,941",6,3,0,0,2,1,0,25,proceed,cancel,2023-12-12 04:47:08.000,2023-12-15 07:59:14.000,3,3,1,0,2,2023-12-04 08:57:47,2023,12
6,24,INC47863909,"140,946,784",105,"5,848,267,268","5,848,267,268","76,615,600","-99,999",3,3,0,0,0,0,0,7,proceed,cancel,2023-12-04 09:23:13.000,2023-12-12 08:13:30.000,3,3,1,0,2,2023-12-04 07:58:41,2023,12
6,31,INC47864401,"166,126,616",122,"5,703,041,181","5,703,040,921","52,728,392","561,183,411",10,3,0,0,1,1,0,7,proceed,cancel,2023-12-04 19:34:39.000,2023-12-12 09:10:04.000,3,3,1,0,2,2023-12-04 11:50:22,2023,12
6,24,INC47871948,"266,226,194",121,"6,817,328,779","6,867,816,819","103,830,082","569,477,214",10,3,0,0,1,1,0,11,proceed,cancel,2023-12-05 13:48:04.000,2023-12-09 07:56:54.000,3,3,1,0,2,2023-12-04 19:41:40,2023,12
6,31,INC47874891,"266,226,194",122,"5,802,967,307","5,802,967,307","103,974,889","569,381,099",6,3,0,1,0,1,0,6,proceed,cancel,2023-12-05 01:29:44.000,2023-12-08 08:03:15.000,3,3,1,0,2,2023-12-05 01:09:19,2023,12
6,24,INC47864931,"266,226,194",121,"6,838,119,269","6,838,119,269","103,974,889","569,465,840",6,3,0,1,0,1,0,5,proceed,cancel,2023-12-04 14:45:33.000,2023-12-08 08:02:57.000,3,3,1,0,2,2023-12-04 13:09:53,2023,12
6,24,INC47875427,"140,946,784",105,"5,848,267,268","5,848,267,268","76,615,600","-99,999",3,3,0,0,0,0,0,8,proceed,cancel,2023-12-05 11:23:13.000,2023-12-13 07:53:53.000,3,3,1,0,2,2023-12-05 05:07:15,2023,12
6,31,INC47870971,"266,226,194",122,"3,790,156,078","6,817,329,706","103,830,082","569,473,205",10,3,0,0,1,1,0,15,proceed,cancel,2023-12-19 16:44:46.000,2023-12-23 07:50:09.000,3,3,1,0,2,2023-12-04 18:43:21,2023,12
6,24,INC47864140,"140,946,784",105,"5,848,267,268","5,848,267,268","76,615,600","-99,999",3,3,0,0,0,0,0,7,proceed,cancel,2023-12-04 11:23:13.000,2023-12-12 08:13:33.000,3,3,1,0,2,2023-12-04 10:05:50,2023,12
6,24,INC47863902,"140,946,784",105,"5,848,267,268","5,848,267,268","76,615,600","-99,999",3,3,0,0,0,0,0,7,proceed,cancel,2023-12-04 09:53:14.000,2023-12-12 08:13:29.000,3,3,1,0,2,2023-12-04 07:56:40,2023,12
6,24,INC47875585,"140,946,784",105,"5,848,267,268","5,848,267,268","76,615,600","-99,999",3,3,0,0,0,0,0,8,proceed,cancel,2023-12-05 07:53:13.000,2023-12-15 07:47:07.000,3,3,1,0,2,2023-12-05 06:07:25,2023,12
6,24,INC47864075,"140,946,784",105,"5,848,267,268","5,848,267,268","76,615,600","-99,999",3,3,0,0,0,0,0,11,proceed,cancel,2023-12-04 12:53:14.000,2023-12-12 08:13:31.000,3,3,1,0,2,2023-12-04 09:10:30,2023,12
6,24,INC47865752,"266,226,194",121,"6,838,119,269","6,817,328,779","103,830,082","569,246,095",6,3,0,0,1,1,0,15,proceed,cancel,2023-12-04 20:00:43.000,2023-12-08 08:03:01.000,3,3,1,0,2,2023-12-04 14:00:30,2023,12
6,31,INC47873426,"266,226,194",122,"5,802,967,307","6,817,329,706","103,830,082","569,280,964",6,3,0,0,1,1,0,9,proceed,cancel,2023-12-04 21:57:12.000,2023-12-08 08:03:13.000,3,3,1,0,2,2023-12-04 21:29:51,2023,12
6,24,INC47864131,"140,946,784",105,"5,848,267,268","5,848,267,268","80,859,673","-99,999",3,3,0,0,0,0,0,7,proceed,cancel,2023-12-04 11:23:13.000,2023-12-12 08:13:32.000,3,3,1,0,2,2023-12-04 09:58:31,2023,12
6,24,INC47875322,"140,946,784",105,"5,848,267,268","5,848,267,268","76,615,600","-99,999",3,3,0,0,0,0,0,8,proceed,cancel,2023-12-05 05:23:14.000,2023-12-05 11:29:42.000,3,3,1,0,2,2023-12-05 04:13:48,2023,12
6,31,INC47869994,"266,226,194",122,"6,817,329,420","6,815,661,982","103,830,082","569,485,680",7,3,0,0,1,0,0,19,proceed,cancel,2024-01-12 00:52:53.000,2024-01-15 09:05:58.000,3,3,1,0,2,2023-12-04 17:41:53,2023,12
6,24,INC47874961,"140,946,784",105,"5,848,267,268","5,848,267,268","76,615,600","-99,999",3,3,0,0,0,0,0,7,proceed,cancel,2023-12-05 04:23:14.000,2023-12-12 08:13:40.000,3,3,1,0,2,2023-12-05 01:23:04,2023,12
6,24,INC47874147,"140,946,784",105,"5,848,267,268","5,848,267,268","76,615,600","-99,999",3,3,0,0,0,0,0,7,proceed,cancel,2023-12-05 00:23:13.000,2023-12-12 08:13:39.000,3,3,1,0,2,2023-12-04 22:54:54,2023,12
6,24,INC47867497,"266,226,194",121,"6,817,328,332","6,817,329,420","103,830,082","569,465,840",4,3,0,0,1,1,0,14,proceed,cancel,2023-12-04 23:24:39.000,2023-12-04 23:24:45.000,3,3,1,0,2,2023-12-04 15:24:20,2023,12
6,24,INC47874894,"266,226,194",121,"6,799,802,581","6,799,802,581","103,974,889","569,296,391",6,3,0,1,0,1,0,4,proceed,cancel,2023-12-05 01:14:26.000,2023-12-08 08:03:16.000,3,3,1,0,2,2023-12-05 01:09:57,2023,12
6,24,INC47864318,"266,226,194",121,"6,304,994,586","6,817,328,029","103,830,082","569,262,527",6,3,0,1,1,1,0,14,proceed,cancel,2023-12-04 12:53:51.000,2023-12-08 08:02:54.000,3,3,1,0,2,2023-12-04 11:24:38,2023,12
6,24,INC47870512,"266,226,194",121,"3,790,156,078","6,817,329,706","103,830,082","569,385,758",10,3,0,0,1,1,0,18,proceed,cancel,2024-01-23 20:30:40.000,2024-01-27 07:53:52.000,3,3,1,0,2,2023-12-04 18:12:51,2023,12
6,31,INC47881643,"166,126,616",122,"6,848,955,445","5,703,040,455","52,728,392","576,149,213",10,3,0,0,1,0,0,6,proceed,cancel,2023-12-05 21:35:24.000,2023-12-13 08:43:59.000,3,3,1,0,2,2023-12-05 17:55:04,2023,12
6,24,INC47867820,"266,226,194",121,"6,867,620,606","6,313,447,475","103,974,889","569,276,714",4,3,0,1,0,1,0,22,proceed,cancel,2023-12-05 18:21:11.000,2023-12-08 08:03:17.000,3,3,1,0,2,2023-12-04 15:42:23,2023,12
6,24,INC47870893,"266,226,194",121,"6,264,845,105","6,264,845,105","103,974,889","569,465,840",6,3,0,1,0,1,0,5,proceed,cancel,2023-12-04 18:43:15.000,2023-12-08 08:03:12.000,3,3,1,0,2,2023-12-04 18:38:15,2023,12
6,24,INC47871165,"266,226,194",121,"3,790,156,078","6,867,816,743","103,830,082","569,262,527",4,3,0,1,1,1,0,16,proceed,cancel,2023-12-13 14:05:45.000,2023-12-17 09:10:30.000,3,3,1,0,2,2023-12-04 18:54:13,2023,12
6,31,INC47868965,"266,226,194",122,"3,790,156,078","6,817,329,706","103,830,082","569,450,100",10,3,0,0,1,1,0,18,proceed,cancel,2023-12-18 16:55:27.000,2023-12-22 08:01:29.000,3,3,1,0,2,2023-12-04 16:41:45,2023,12
6,31,INC47920066,"140,946,784",16,"6,213,586,282","5,759,422,858","41,927,742","-99,999",10,3,0,0,1,0,0,12,proceed,cancel,2023-12-11 19:25:00.000,2023-12-19 08:04:11.000,3,3,1,0,2,2023-12-10 08:22:16,2023,12
6,24,INC47878777,"140,946,784",105,"5,848,267,268","5,848,267,268","76,615,600","-99,999",3,3,0,0,0,0,0,8,proceed,cancel,2023-12-05 18:23:14.000,2023-12-13 07:54:02.000,3,3,1,0,2,2023-12-05 15:08:49,2023,12
6,24,INC47885875,"140,946,784",105,"5,848,267,268","5,848,267,268","76,615,600","-99,999",3,3,0,0,0,0,0,7,proceed,cancel,2023-12-06 19:53:14.000,2023-12-14 07:47:26.000,3,3,1,0,2,2023-12-06 01:07:21,2023,12
6,24,INC47874200,"140,946,784",105,"5,848,267,268","5,848,267,268","80,859,673","-99,999",3,3,0,0,0,0,0,8,proceed,cancel,2023-12-05 00:53:13.000,2023-12-15 07:47:05.000,3,3,1,0,2,2023-12-04 23:04:34,2023,12
6,24,INC47863876,"140,946,784",105,"5,848,267,268","5,848,267,268","61,667,736","-99,999",3,3,0,0,0,0,0,7,proceed,cancel,2023-12-04 09:23:13.000,2023-12-12 08:13:26.000,3,3,1,0,2,2023-12-04 07:32:30,2023,12
6,24,INC47879445,"140,946,784",105,"5,848,267,268","5,848,267,268","76,615,600","-99,999",3,3,0,0,0,0,0,8,proceed,cancel,2023-12-05 17:23:15.000,2023-12-15 07:47:08.000,3,3,1,0,2,2023-12-05 15:48:29,2023,12
6,24,INC47865058,"266,226,194",121,"6,264,845,105","6,817,331,932","103,830,084","569,446,527",6,3,0,1,3,1,0,27,proceed,cancel,2023-12-04 15:18:50.000,2023-12-08 08:02:59.000,3,3,1,0,2,2023-12-04 13:21:07,2023,12
6,31,INC47864776,"140,946,784",122,"6,116,482,150","6,345,982,539","80,859,673","-99,999",10,3,0,0,4,0,0,51,proceed,cancel,2023-12-22 13:21:32.000,2023-12-22 13:21:51.000,3,3,1,0,2,2023-12-04 12:53:09,2023,12
6,24,INC47874915,"166,126,616",121,"6,787,810,709","6,197,463,044","52,728,393","214,602,738",10,3,0,0,1,1,0,6,proceed,cancel,2023-12-06 14:07:32.000,2023-12-14 08:26:01.000,3,3,1,0,2,2023-12-05 01:12:51,2023,12
6,24,INC47875309,"140,946,784",105,"5,848,267,268","6,345,982,539","76,615,600","-99,999",3,3,0,0,0,0,0,11,proceed,cancel,2023-12-05 11:28:45.000,2023-12-05 11:29:20.000,3,3,1,0,2,2023-12-05 04:09:46,2023,12
6,24,INC47919099,"140,946,784",105,"5,848,267,268","5,848,267,268","76,615,600","-99,999",3,3,0,0,0,0,0,8,proceed,cancel,2023-12-10 04:53:14.000,2023-12-21 07:40:46.000,3,3,1,0,2,2023-12-10 02:46:23,2023,12
6,24,INC47919970,"140,946,784",105,"5,848,267,268","5,848,267,268","61,667,736","-99,999",3,3,0,0,0,0,0,8,proceed,cancel,2023-12-10 07:53:14.000,2023-12-23 07:39:35.000,3,3,1,0,2,2023-12-10 06:34:33,2023,12
6,24,INC47922449,"140,946,784",105,"5,848,267,268","5,848,267,268","80,859,673","-99,999",3,3,0,0,0,0,0,5,proceed,cancel,2023-12-11 06:23:13.000,2023-12-12 12:58:08.000,3,3,1,0,2,2023-12-11 04:57:04,2023,12
6,24,INC47921681,"140,946,784",105,"5,848,267,268","5,848,267,268","61,667,736","-99,999",3,3,0,0,0,0,0,21,proceed,cancel,2023-12-26 10:53:13.000,2024-01-03 07:23:51.000,3,3,1,0,2,2023-12-10 21:05:27,2023,12
6,24,INC47920819,"266,226,194",121,"6,204,928,876","6,264,845,105","103,974,889","569,246,823",6,3,0,1,0,1,0,36,proceed,cancel,2023-12-12 19:14:46.000,2023-12-16 08:02:10.000,3,3,1,0,2,2023-12-10 16:52:39,2023,12
6,31,INC47916970,"140,946,784",16,"6,345,982,539","5,782,219,869","41,927,742","-99,999",10,3,0,0,2,0,0,22,proceed,cancel,2023-12-12 16:11:42.000,2023-12-20 07:41:44.000,3,3,1,0,2,2023-12-09 11:26:45,2023,12
6,24,INC47920098,"140,946,784",105,"5,848,267,268","5,848,267,268","76,615,600","-99,999",3,3,0,0,0,0,0,7,proceed,cancel,2023-12-10 11:23:13.000,2023-12-18 08:00:06.000,3,3,1,0,2,2023-12-10 09:14:47,2023,12
6,24,INC47917957,"266,226,194",121,"6,204,928,876","6,313,447,475","103,974,889","569,342,432",6,3,0,1,0,1,0,17,proceed,cancel,2023-12-14 18:08:50.000,2023-12-18 08:52:16.000,3,3,1,0,2,2023-12-09 18:23:53,2023,12
6,24,INC47918460,"140,946,784",105,"5,848,267,268","5,848,267,268","76,615,600","-99,999",3,5,0,0,0,0,0,7,proceed,cancel,2023-12-10 22:23:13.000,2023-12-18 08:00:03.000,3,3,1,0,2,2023-12-09 21:14:18,2023,12
6,24,INC47922084,"140,946,784",105,"5,848,267,268","5,848,267,268","61,667,736","-99,999",3,3,0,0,0,0,0,9,proceed,cancel,2023-12-11 01:23:13.000,2023-12-23 07:39:37.000,3,3,1,0,2,2023-12-11 00:20:55,2023,12
6,31,INC47920534,"266,226,194",122,"3,790,156,078","6,799,802,581","103,974,889","569,462,624",4,3,0,1,0,1,0,11,proceed,cancel,2023-12-15 23:36:07.000,2023-12-19 09:01:54.000,3,3,1,0,2,2023-12-10 15:00:50,2023,12
6,24,INC47918195,"166,126,616",121,"6,278,128,049","6,197,463,044","52,728,393","215,070,509",10,3,0,0,1,0,0,9,proceed,cancel,2023-12-10 02:19:58.000,2023-12-17 09:03:40.000,3,3,1,0,2,2023-12-09 19:37:21,2023,12
6,24,INC47918432,"140,946,784",105,"5,848,267,268","5,848,267,268","76,615,600","-99,999",3,3,0,0,0,0,0,9,proceed,cancel,2023-12-11 20:23:13.000,2023-12-23 07:39:34.000,3,3,1,0,2,2023-12-09 21:05:35,2023,12
6,24,INC47921865,"140,946,784",105,"5,848,267,268","5,848,267,268","76,615,600","-99,999",3,3,0,0,0,0,0,8,proceed,cancel,2023-12-10 23:53:16.000,2023-12-21 07:40:54.000,3,3,1,0,2,2023-12-10 22:31:05,2023,12
6,24,INC47922562,"140,946,784",105,"5,848,267,268","5,848,267,268","76,615,600","-99,999",3,3,0,0,0,0,0,8,proceed,cancel,2023-12-11 08:23:13.000,2023-12-21 07:40:57.000,3,3,1,0,2,2023-12-11 06:23:06,2023,12
6,24,INC47918873,"140,946,784",105,"5,848,267,268","5,848,267,268","61,667,736","-99,999",3,5,0,0,0,0,0,10,proceed,cancel,2023-12-10 01:23:13.000,2023-12-15 10:04:38.000,3,3,1,0,2,2023-12-10 00:22:03,2023,12
6,24,INC47919009,"140,946,784",105,"5,848,267,268","5,848,267,268","61,667,736","-99,999",3,3,0,0,0,0,0,8,proceed,cancel,2023-12-11 17:23:13.000,2023-12-12 13:01:00.000,3,3,1,0,2,2023-12-10 01:31:42,2023,12
6,24,INC47919856,"140,946,784",105,"5,848,267,268","5,848,267,268","76,615,600","-99,999",3,3,0,0,0,0,0,8,proceed,cancel,2023-12-10 06:53:13.000,2023-12-21 07:40:48.000,3,3,1,0,2,2023-12-10 04:54:34,2023,12
6,24,INC47916702,"140,946,784",105,"5,848,267,268","5,848,267,268","76,615,600","-99,999",3,3,0,0,0,0,0,7,proceed,cancel,2023-12-09 07:53:13.000,2023-12-17 07:56:32.000,3,3,1,0,2,2023-12-09 06:48:49,2023,12
6,24,INC47919815,"140,946,784",105,"5,848,267,268","5,848,267,268","76,615,600","-99,999",3,3,0,0,0,0,0,8,proceed,cancel,2023-12-10 05:23:13.000,2023-12-21 07:40:47.000,3,3,1,0,2,2023-12-10 04:06:54,2023,12
6,24,INC47922195,"166,126,616",51,"3,503,348,459","6,770,881,793","52,728,392","572,494,758",6,4,0,0,1,1,0,8,proceed,cancel,2023-12-11 07:54:49.000,2023-12-19 08:50:45.000,2,2,1,0,1,2023-12-11 01:39:50,2023,12
6,25,INC47920495,"166,126,616",63,"541,413","541,413","52,729,432","571,249,422",6,3,0,1,0,0,0,5,proceed,cancel,2023-12-10 14:41:27.000,2023-12-18 08:47:11.000,3,3,1,0,2,2023-12-10 14:39:33,2023,12
6,24,INC47932343,"266,226,194",121,"6,799,802,581","6,867,816,819","103,830,082","569,296,391",6,3,0,0,1,1,0,13,proceed,cancel,2023-12-20 13:38:31.000,2023-12-24 08:53:08.000,3,3,1,0,2,2023-12-11 21:53:50,2023,12
6,24,INC47932864,"266,226,194",51,"6,799,802,581","6,799,802,581","103,974,889","569,324,130",6,3,0,1,0,1,0,5,proceed,cancel,2023-12-12 02:39:19.000,2023-12-15 07:59:34.000,3,3,1,0,2,2023-12-11 23:01:51,2023,12
6,24,INC47921981,"166,126,616",121,"3,503,348,459","6,016,140,447","52,728,392","561,183,411",6,3,0,0,1,1,0,5,proceed,cancel,2023-12-11 13:14:01.000,2023-12-19 08:50:44.000,3,3,1,0,2,2023-12-10 23:17:58,2023,12
6,24,INC47922392,"140,946,784",105,"5,848,267,268","5,916,170,592","76,615,600","-99,999",3,3,0,0,0,0,0,18,proceed,cancel,2023-12-19 03:33:15.000,2023-12-19 03:33:43.000,3,3,1,0,2,2023-12-11 04:17:34,2023,12
6,24,INC47921686,"140,946,784",105,"5,848,267,268","6,345,982,539","76,615,600","-99,999",3,3,0,0,0,0,0,14,proceed,cancel,2023-12-12 13:00:36.000,2023-12-12 13:01:00.000,3,3,1,0,2,2023-12-10 21:08:15,2023,12
6,24,INC47921715,"140,946,784",105,"5,848,267,268","5,848,267,268","76,615,600","-99,999",3,3,0,0,0,0,0,8,proceed,cancel,2023-12-10 22:53:13.000,2023-12-21 07:40:53.000,3,3,1,0,2,2023-12-10 21:18:46,2023,12
6,24,INC47921508,"140,946,784",105,"5,848,267,268","5,848,267,268","76,615,600","-99,999",3,3,0,0,0,0,0,9,proceed,cancel,2023-12-10 21:53:14.000,2023-12-21 07:40:52.000,3,3,1,0,2,2023-12-10 19:58:56,2023,12
6,24,INC47922445,"140,946,784",105,"5,848,267,268","5,848,267,268","80,859,673","-99,999",3,3,0,0,0,0,0,9,proceed,cancel,2023-12-11 06:23:13.000,2023-12-12 12:58:07.000,3,3,1,0,2,2023-12-11 04:54:44,2023,12
6,24,INC47923132,"140,946,784",105,"5,848,267,268","5,848,267,268","61,667,736","-99,999",3,3,0,0,0,0,0,9,proceed,cancel,2023-12-11 13:23:14.000,2023-12-19 08:04:15.000,3,3,1,0,2,2023-12-11 11:48:06,2023,12
6,24,INC47921560,"166,126,616",51,"6,059,121,104","5,703,040,921","52,728,392","592,882,629",10,3,0,0,1,1,0,8,proceed,cancel,2023-12-14 18:53:51.000,2023-12-22 07:52:46.000,3,3,1,0,2,2023-12-10 20:12:30,2023,12
6,24,INC47921243,"140,946,784",105,"5,848,267,268","5,848,267,268","76,615,600","-99,999",3,3,0,0,0,0,0,8,proceed,cancel,2023-12-10 20:53:14.000,2023-12-21 07:40:51.000,3,3,1,0,2,2023-12-10 18:51:06,2023,12
6,24,INC47924977,"266,226,194",121,"6,264,845,105","6,264,845,105","103,974,889","569,339,171",6,3,0,1,0,1,0,12,proceed,cancel,2023-12-11 15:12:18.000,2023-12-15 07:59:29.000,3,3,1,0,2,2023-12-11 14:50:22,2023,12
6,24,INC47921696,"140,946,784",105,"5,848,267,268","5,848,267,268","80,859,673","-99,999",3,5,0,0,0,0,0,9,proceed,cancel,2023-12-11 08:23:13.000,2023-12-19 08:04:12.000,3,3,1,0,2,2023-12-10 21:12:26,2023,12
6,31,INC47920918,"166,126,616",16,"6,302,592,673","6,302,592,673","52,729,432","571,249,422",6,3,0,1,0,0,0,2,proceed,cancel,2023-12-10 17:33:34.000,2023-12-18 08:47:12.000,3,3,1,0,2,2023-12-10 17:28:42,2023,12
6,24,INC47926801,"266,226,194",121,"3,790,156,078","5,793,903,899","103,974,889","569,373,568",10,3,0,1,0,1,0,6,proceed,cancel,2023-12-12 13:25:45.000,2023-12-15 07:59:38.000,3,3,1,0,2,2023-12-11 16:02:04,2023,12
6,25,INC47920745,"266,226,194",63,"6,204,928,876","6,204,928,876","103,974,889","569,357,766",6,3,0,1,0,1,0,5,proceed,cancel,2023-12-10 16:35:04.000,2023-12-14 08:37:05.000,3,3,1,0,2,2023-12-10 16:27:32,2023,12
6,24,INC47920121,"140,946,784",105,"5,848,267,268","5,848,267,268","80,859,673","-99,999",3,3,0,0,0,0,0,17,proceed,cancel,2023-12-10 14:23:13.000,2023-12-18 08:00:08.000,3,3,1,0,2,2023-12-10 09:40:28,2023,12
6,24,INC47923177,"266,226,194",121,"6,817,330,000","5,793,903,899","103,974,889","569,373,568",4,3,0,1,0,1,0,11,proceed,cancel,2023-12-12 12:54:01.000,2023-12-15 07:59:34.000,3,3,1,0,2,2023-12-11 11:59:27,2023,12
6,24,INC47920436,"140,946,784",105,"5,848,267,268","5,848,267,268","76,615,600","-99,999",3,3,0,0,0,0,0,7,proceed,cancel,2023-12-10 16:23:14.000,2023-12-18 08:00:13.000,3,3,1,0,2,2023-12-10 14:07:06,2023,12
6,24,INC47923288,"266,226,194",121,"6,304,994,586","6,264,845,105","103,974,889","569,280,921",6,3,0,1,2,1,0,19,proceed,cancel,2023-12-11 13:33:04.000,2023-12-15 07:59:22.000,3,3,1,0,2,2023-12-11 12:23:11,2023,12
6,24,INC47922258,"166,126,616",51,"5,703,037,415","5,703,040,455","52,728,392","572,548,507",10,3,0,0,1,0,0,6,proceed,cancel,2023-12-13 19:48:46.000,2023-12-21 08:31:56.000,3,3,1,0,2,2023-12-11 02:22:57,2023,12
6,24,INC47921762,"140,946,784",105,"5,848,267,268","6,345,982,539","80,859,673","-99,999",3,3,0,0,0,0,0,15,proceed,cancel,2023-12-12 12:58:15.000,2023-12-12 12:58:57.000,3,3,1,0,2,2023-12-10 21:42:05,2023,12
6,24,INC47918681,"140,946,784",105,"5,848,267,268","5,848,267,268","61,667,736","-99,999",3,3,0,0,0,0,0,6,proceed,cancel,2023-12-10 00:23:13.000,2023-12-10 13:56:18.000,3,3,1,0,2,2023-12-09 22:54:24,2023,12
6,31,INC47920056,"140,946,784",16,"6,213,586,282","6,345,982,539","61,667,736","-99,999",10,3,0,0,0,0,0,7,proceed,cancel,2023-12-12 09:25:25.000,2023-12-12 09:25:53.000,3,3,1,0,2,2023-12-10 08:06:25,2023,12
6,31,INC47921067,"166,126,616",16,"541,413","541,413","52,729,432","413,902,537",6,3,0,1,0,1,0,4,proceed,cancel,2023-12-10 17:40:11.000,2023-12-18 08:47:12.000,3,3,1,0,2,2023-12-10 17:39:01,2023,12
6,24,INC47923103,"140,946,784",105,"5,848,267,268","6,230,797,880","61,667,736","-99,999",3,3,0,0,0,0,0,23,proceed,cancel,2024-01-25 15:58:25.000,2024-01-27 11:06:56.000,3,3,1,0,2,2023-12-11 11:41:47,2023,12
6,24,INC47916908,"140,946,784",105,"5,848,267,268","5,848,267,268","61,667,736","-99,999",3,3,0,0,0,0,0,5,proceed,cancel,2023-12-09 11:53:14.000,2023-12-09 12:53:08.000,3,3,1,0,2,2023-12-09 10:29:31,2023,12
6,24,INC47918449,"140,946,784",105,"5,848,267,268","5,848,267,268","61,667,736","-99,999",3,3,0,0,0,0,0,9,proceed,cancel,2023-12-11 20:23:13.000,2023-12-18 21:52:41.000,3,3,1,0,2,2023-12-09 21:10:38,2023,12
6,24,INC47916906,"140,946,784",105,"5,848,267,268","5,848,267,268","61,667,736","-99,999",3,3,0,0,0,0,0,5,proceed,cancel,2023-12-09 11:53:14.000,2023-12-09 12:53:05.000,3,3,1,0,2,2023-12-09 10:28:49,2023,12
6,31,INC47914738,"166,126,616",122,"6,278,128,218","6,842,456,985","52,729,432","215,060,468",10,3,0,1,0,1,0,7,proceed,cancel,2023-12-08 22:09:53.000,2023-12-16 07:52:12.000,3,3,1,0,2,2023-12-08 20:23:56,2023,12
6,31,INC47915397,"166,126,616",122,"6,012,526,307","5,802,727,114","52,728,393","215,070,509",10,3,0,0,1,0,0,6,proceed,cancel,2023-12-12 16:03:30.000,2023-12-20 08:26:35.000,3,3,1,0,2,2023-12-08 21:47:27,2023,12
6,31,INC47910716,"166,126,616",16,"6,853,836,737","6,853,836,737","52,729,432","572,556,054",6,3,0,1,0,0,0,7,proceed,cancel,2023-12-08 15:24:58.000,2023-12-16 07:52:09.000,3,3,1,0,2,2023-12-08 15:12:55,2023,12
6,24,INC47918448,"140,946,784",105,"5,848,267,268","5,848,267,268","61,667,736","-99,999",3,3,0,0,0,0,0,9,proceed,cancel,2023-12-11 20:23:13.000,2023-12-18 21:52:43.000,3,3,1,0,2,2023-12-09 21:10:36,2023,12
6,24,INC47913715,"166,126,616",121,"6,816,701,351","5,703,040,921","52,728,392","414,126,732",6,3,0,0,1,0,0,7,proceed,cancel,2023-12-08 21:08:57.000,2023-12-16 07:52:11.000,3,3,1,0,2,2023-12-08 19:00:42,2023,12
6,24,INC47919947,"140,946,784",105,"5,848,267,268","5,848,267,268","76,615,600","-99,999",3,3,0,0,0,0,0,8,proceed,cancel,2023-12-10 07:23:13.000,2023-12-21 07:40:49.000,3,3,1,0,2,2023-12-10 06:14:34,2023,12
6,24,INC47918975,"140,946,784",105,"5,848,267,268","5,848,267,268","80,859,673","-99,999",3,3,0,0,0,0,0,9,proceed,cancel,2023-12-10 22:23:14.000,2023-12-18 08:00:04.000,3,3,1,0,2,2023-12-10 01:08:53,2023,12
6,24,INC47922256,"166,126,616",51,"5,703,037,415","5,703,040,455","52,728,392","572,548,507",10,3,0,0,1,0,0,9,proceed,cancel,2024-01-03 20:36:02.000,2024-01-11 08:31:38.000,3,3,1,0,2,2023-12-11 02:22:52,2023,12
6,24,INC47922401,"140,946,784",105,"5,848,267,268","5,848,267,268","76,615,600","-99,999",3,3,0,0,0,0,0,15,proceed,cancel,2023-12-12 07:53:13.000,2023-12-19 03:33:42.000,3,3,1,0,2,2023-12-11 04:22:25,2023,12
6,31,INC47922296,"166,126,616",16,"3,503,348,459","3,503,348,459","52,729,432","571,333,591",6,3,0,1,0,0,0,4,proceed,cancel,2023-12-11 03:23:43.000,2023-12-18 08:47:12.000,3,3,1,0,2,2023-12-11 02:56:46,2023,12
6,24,INC47922534,"140,946,784",105,"5,848,267,268","5,848,267,268","80,859,673","-99,999",3,3,0,0,0,0,0,28,proceed,cancel,2023-12-11 09:53:13.000,2023-12-19 03:54:30.000,3,3,1,0,2,2023-12-11 05:52:45,2023,12
6,24,INC47918707,"166,126,616",121,"5,882,166,217","2,438,429,805","52,729,432","215,107,213",10,3,0,1,0,0,0,5,proceed,cancel,2023-12-15 19:26:26.000,2023-12-23 07:42:18.000,3,3,1,0,2,2023-12-09 22:59:53,2023,12
6,24,INC47922367,"140,946,784",105,"5,848,267,268","5,848,267,268","76,615,600","-99,999",3,3,0,0,0,0,0,7,proceed,cancel,2023-12-11 05:23:13.000,2023-12-18 08:00:15.000,3,3,1,0,2,2023-12-11 03:58:54,2023,12
6,31,INC47918183,"166,126,616",122,"3,503,348,459","6,016,140,447","52,728,392","561,183,411",6,3,0,0,1,1,0,5,proceed,cancel,2023-12-11 18:17:01.000,2023-12-19 08:50:42.000,3,3,1,0,2,2023-12-09 19:34:27,2023,12
6,24,INC47922492,"140,946,784",105,"5,848,267,268","5,848,267,268","76,615,600","-99,999",3,3,0,0,0,0,0,8,proceed,cancel,2023-12-11 06:53:13.000,2023-12-21 07:40:56.000,3,3,1,0,2,2023-12-11 05:23:05,2023,12
6,24,INC47916803,"140,946,784",105,"5,848,267,268","5,848,267,268","76,615,600","-99,999",3,3,0,0,0,0,0,9,proceed,cancel,2023-12-09 09:53:13.000,2023-12-14 07:12:55.000,3,3,1,0,2,2023-12-09 08:35:28,2023,12
6,31,INC47920866,"166,126,616",16,"541,413","6,016,140,447","52,728,392","413,902,537",6,3,0,0,1,1,0,7,proceed,cancel,2023-12-11 13:06:12.000,2023-12-19 08:50:43.000,3,3,1,0,2,2023-12-10 17:11:30,2023,12
6,24,INC47916907,"140,946,784",105,"5,848,267,268","5,848,267,268","61,667,736","-99,999",3,3,0,0,0,0,0,5,proceed,cancel,2023-12-09 11:53:14.000,2023-12-09 12:53:04.000,3,3,1,0,2,2023-12-09 10:29:29,2023,12
6,24,INC47918453,"140,946,784",105,"5,848,267,268","5,848,267,268","80,859,673","-99,999",3,5,0,0,0,0,0,7,proceed,cancel,2023-12-10 02:23:13.000,2023-12-17 07:56:33.000,3,3,1,0,2,2023-12-09 21:12:32,2023,12
6,24,INC47919833,"166,126,616",121,"3,503,348,459","6,197,463,044","52,728,393","575,972,787",6,5,0,0,1,1,0,6,proceed,cancel,2023-12-10 14:44:59.000,2023-12-18 08:47:11.000,3,3,1,0,2,2023-12-10 04:28:25,2023,12
6,24,INC47918862,"266,226,194",51,"6,352,927,241","6,817,328,029","103,830,082","569,462,314",6,3,0,1,1,1,0,14,proceed,cancel,2023-12-12 16:44:42.000,2023-12-16 08:02:09.000,3,3,1,0,2,2023-12-10 00:16:19,2023,12
6,24,INC47918431,"140,946,784",105,"5,848,267,268","5,848,267,268","76,615,600","-99,999",3,3,0,0,0,0,0,39,proceed,cancel,2023-12-11 04:23:14.000,2023-12-23 07:39:33.000,3,3,1,0,2,2023-12-09 21:05:33,2023,12
6,24,INC47918685,"140,946,784",105,"5,848,267,268","6,345,982,539","61,667,736","-99,999",3,3,0,0,0,0,0,14,proceed,cancel,2023-12-10 13:55:39.000,2023-12-10 13:56:06.000,3,3,1,0,2,2023-12-09 22:55:41,2023,12
6,24,INC47921689,"140,946,784",105,"5,848,267,268","5,848,267,268","76,615,600","-99,999",3,5,0,0,0,0,0,10,proceed,cancel,2023-12-11 03:23:14.000,2023-12-12 13:01:10.000,3,3,1,0,2,2023-12-10 21:09:25,2023,12
6,24,INC47918010,"266,226,194",121,"6,224,887,111","6,264,845,105","103,974,889","569,327,093",6,3,0,1,0,1,0,14,proceed,cancel,2023-12-12 12:34:29.000,2023-12-16 08:02:08.000,3,3,1,0,2,2023-12-09 18:43:15,2023,12
6,24,INC47918011,"166,126,616",121,"5,703,039,272","6,197,463,044","52,728,393","215,070,509",10,5,0,0,1,0,0,8,proceed,cancel,2023-12-10 02:20:32.000,2023-12-17 09:03:40.000,3,3,1,0,2,2023-12-09 18:43:20,2023,12
6,24,INC47916904,"140,946,784",105,"5,848,267,268","5,848,267,268","61,667,736","-99,999",3,3,0,0,0,0,0,9,proceed,cancel,2023-12-09 11:53:14.000,2023-12-09 12:53:06.000,3,3,1,0,2,2023-12-09 10:28:21,2023,12
6,24,INC47922318,"140,946,784",105,"5,848,267,268","5,848,267,268","76,615,600","-99,999",3,3,0,0,0,0,0,12,proceed,cancel,2023-12-11 04:23:13.000,2023-12-23 07:39:38.000,3,3,1,0,2,2023-12-11 03:19:04,2023,12
6,31,INC47917798,"166,126,616",16,"6,816,701,351","6,816,701,351","52,729,432","571,456,467",6,3,0,1,0,0,0,4,proceed,cancel,2023-12-09 17:33:04.000,2023-12-17 09:03:39.000,3,3,1,0,2,2023-12-09 17:28:15,2023,12
6,24,INC47920491,"140,946,784",105,"5,848,267,268","5,848,267,268","76,615,600","-99,999",3,5,0,0,0,0,0,7,proceed,cancel,2023-12-10 15:53:14.000,2023-12-12 13:07:27.000,3,3,1,0,2,2023-12-10 14:38:05,2023,12
6,24,INC47921540,"166,126,616",121,"3,503,348,459","6,016,140,447","52,728,392","561,183,411",6,3,0,0,1,1,0,9,proceed,cancel,2023-12-11 18:07:36.000,2023-12-19 08:50:43.000,3,3,1,1,2,2023-12-10 20:07:52,2023,12
6,24,INC47922117,"140,946,784",105,"5,848,267,268","5,848,267,268","76,615,600","-99,999",3,3,0,0,0,0,0,8,proceed,cancel,2023-12-11 02:53:13.000,2023-12-21 07:40:55.000,3,3,1,0,2,2023-12-11 00:42:54,2023,12
6,24,INC47922328,"266,226,194",121,"6,352,927,241","6,352,927,241","103,974,889","569,311,341",6,3,0,1,0,1,0,8,proceed,cancel,2023-12-11 03:30:01.000,2023-12-14 08:37:06.000,3,3,1,0,2,2023-12-11 03:25:05,2023,12
6,24,INC47920503,"266,226,194",121,"3,790,156,078","6,838,119,269","103,974,889","569,462,624",4,3,0,1,0,1,0,16,proceed,cancel,2023-12-13 16:09:42.000,2023-12-17 09:10:33.000,3,3,1,0,2,2023-12-10 14:44:07,2023,12
6,31,INC47917730,"166,126,616",16,"6,816,701,351","6,816,701,351","52,729,432","571,456,467",6,3,0,1,0,0,0,4,proceed,cancel,2023-12-09 17:04:59.000,2023-12-17 09:03:39.000,3,3,1,0,2,2023-12-09 16:59:06,2023,12
6,24,INC47920694,"140,946,784",105,"5,848,267,268","5,848,267,268","76,615,600","-99,999",3,3,0,0,0,0,0,7,proceed,cancel,2023-12-10 18:23:13.000,2023-12-18 08:00:13.000,3,3,1,0,2,2023-12-10 16:06:37,2023,12
6,24,INC47921185,"166,126,616",51,"541,413","5,703,040,921","52,728,392","572,579,317",2,3,0,0,1,0,0,10,proceed,cancel,2023-12-18 14:38:42.000,2023-12-26 08:58:05.000,3,3,1,0,2,2023-12-10 18:23:09,2023,12
6,24,INC47920010,"140,946,784",105,"5,848,267,268","5,848,267,268","76,615,600","-99,999",3,3,0,0,0,0,0,8,proceed,cancel,2023-12-10 08:53:13.000,2023-12-21 07:40:50.000,3,3,1,0,2,2023-12-10 07:18:44,2023,12
6,24,INC47918607,"166,126,616",121,"3,503,348,459","6,016,140,447","52,728,392","561,183,411",6,3,0,0,1,1,0,5,proceed,cancel,2023-12-11 18:11:23.000,2023-12-19 08:50:42.000,3,3,1,0,2,2023-12-09 22:24:30,2023,12
6,24,INC47920305,"140,946,784",105,"5,848,267,268","5,848,267,268","76,615,600","-99,999",3,3,0,0,0,0,0,7,proceed,cancel,2023-12-10 14:23:13.000,2023-12-18 08:00:12.000,3,3,1,0,2,2023-12-10 12:34:55,2023,12
6,24,INC47919971,"140,946,784",105,"5,848,267,268","5,848,267,268","61,667,736","-99,999",3,5,0,0,0,0,0,9,proceed,cancel,2023-12-10 07:53:13.000,2023-12-18 08:00:06.000,3,3,1,0,2,2023-12-10 06:35:03,2023,12
6,24,INC47922320,"140,946,784",105,"5,848,267,268","5,848,267,268","76,615,600","-99,999",3,3,0,0,0,0,0,7,proceed,cancel,2023-12-11 04:53:13.000,2023-12-18 08:00:14.000,3,3,1,0,2,2023-12-11 03:19:15,2023,12
6,24,INC47918265,"140,946,784",105,"5,848,267,268","6,345,982,539","61,667,736","-99,999",3,3,0,0,0,0,0,12,proceed,cancel,2023-12-12 13:00:16.000,2023-12-12 13:00:42.000,3,3,1,0,2,2023-12-09 20:01:10,2023,12
6,31,INC47921391,"166,126,616",16,"541,413","5,802,727,114","52,728,393","214,602,738",6,3,0,0,1,1,0,7,proceed,cancel,2023-12-12 16:05:18.000,2023-12-20 08:26:36.000,3,3,1,0,2,2023-12-10 19:32:37,2023,12
6,24,INC47923198,"266,226,194",121,"6,264,845,105","6,867,816,743","103,830,082","569,373,568",6,3,0,1,1,1,0,22,proceed,cancel,2023-12-11 15:13:53.000,2023-12-15 07:59:20.000,3,3,1,0,2,2023-12-11 12:04:31,2023,12
6,24,INC47924257,"266,226,194",121,"6,838,119,269","6,838,119,269","103,974,889","569,465,840",6,3,0,1,0,1,0,8,proceed,cancel,2023-12-11 14:25:06.000,2023-12-15 07:59:24.000,3,3,1,0,2,2023-12-11 14:05:07,2023,12
6,24,INC47917908,"166,126,616",121,"5,796,265,454","6,197,463,044","52,728,393","215,117,249",10,3,0,0,2,1,0,16,proceed,cancel,2023-12-10 02:19:58.000,2023-12-17 09:03:40.000,3,3,1,0,2,2023-12-09 18:11:01,2023,12
6,24,INC47920645,"266,226,194",121,"3,790,156,078","6,313,447,475","103,974,889","569,246,823",4,3,0,1,0,1,0,22,proceed,cancel,2023-12-14 18:10:36.000,2023-12-18 08:52:17.000,3,3,1,0,2,2023-12-10 15:53:43,2023,12
6,24,INC47920128,"140,946,784",105,"5,848,267,268","5,848,267,268","80,859,673","-99,999",3,3,0,0,0,0,0,20,proceed,cancel,2023-12-10 14:23:13.000,2023-12-18 08:00:08.000,3,3,1,0,2,2023-12-10 09:56:34,2023,12
6,24,INC47922670,"140,946,784",105,"5,848,267,268","5,848,267,268","80,859,673","-99,999",3,3,0,0,0,0,0,9,proceed,cancel,2023-12-11 11:23:13.000,2023-12-12 11:20:31.000,3,3,1,0,2,2023-12-11 07:51:45,2023,12
6,24,INC47920644,"266,226,194",121,"3,790,156,078","6,313,447,475","103,974,889","569,361,340",4,3,0,1,0,1,0,14,proceed,cancel,2023-12-12 16:18:53.000,2023-12-16 08:02:10.000,3,3,1,0,2,2023-12-10 15:53:43,2023,12
6,24,INC47921273,"166,126,616",51,"541,413","5,703,040,455","52,728,392","572,656,576",2,3,0,0,1,0,0,7,proceed,cancel,2024-01-04 21:24:49.000,2024-01-12 08:00:42.000,3,3,1,0,2,2023-12-10 18:56:14,2023,12
6,31,INC47915466,"266,226,194",122,"6,817,327,847","5,793,903,899","103,974,889","-99,999",10,3,0,1,0,0,0,13,proceed,cancel,2023-12-11 20:12:49.000,2023-12-15 07:59:20.000,3,3,1,0,2,2023-12-08 21:57:19,2023,12
6,31,INC47916966,"140,946,784",16,"6,345,982,539","5,583,924,682","41,927,742","-99,999",10,3,0,0,2,0,0,16,proceed,cancel,2023-12-11 20:56:52.000,2023-12-19 08:04:10.000,3,3,1,0,2,2023-12-09 11:18:52,2023,12
6,24,INC47916805,"140,946,784",105,"5,848,267,268","5,848,267,268","76,615,600","-99,999",3,3,0,0,0,0,0,7,proceed,cancel,2023-12-09 09:53:13.000,2023-12-14 07:12:45.000,3,3,1,0,2,2023-12-09 08:36:08,2023,12
6,24,INC47918439,"140,946,784",105,"5,848,267,268","-99,999","61,667,736","-99,999",3,3,0,0,0,0,0,17,proceed,cancel,2023-12-18 21:52:42.000,2024-01-03 07:23:51.000,3,3,1,0,2,2023-12-09 21:07:13,2023,12
6,31,INC47916516,"140,946,784",16,"6,293,179,578","6,345,982,539","80,859,673","-99,999",10,3,0,0,1,0,0,8,proceed,cancel,2023-12-12 09:32:50.000,2023-12-12 09:33:26.000,3,3,1,0,2,2023-12-09 04:05:15,2023,12
6,24,INC47916502,"140,946,784",105,"5,848,267,268","5,848,267,268","76,615,600","-99,999",3,3,0,0,0,0,0,9,proceed,cancel,2023-12-09 05:23:14.000,2023-12-14 07:12:49.000,3,3,1,0,2,2023-12-09 03:55:38,2023,12
6,24,INC47921124,"140,946,784",105,"5,848,267,268","5,848,267,268","76,615,600","-99,999",3,3,0,0,0,0,0,8,proceed,cancel,2023-12-10 19:23:13.000,2023-12-21 07:40:50.000,3,3,1,0,2,2023-12-10 17:58:36,2023,12
6,24,INC47908122,"140,946,784",105,"5,848,267,268","6,345,982,539","76,615,600","-99,999",3,3,0,0,0,0,0,14,proceed,cancel,2023-12-09 08:36:03.000,2023-12-09 08:36:34.000,3,3,1,0,2,2023-12-08 11:31:26,2023,12
6,24,INC47918264,"140,946,784",105,"5,848,267,268","5,848,267,268","61,667,736","-99,999",3,3,0,0,0,0,0,6,proceed,cancel,2023-12-09 22:23:13.000,2023-12-12 13:01:01.000,3,3,1,0,2,2023-12-09 20:01:08,2023,12
6,31,INC47920541,"166,126,616",16,"541,413","541,413","52,729,432","413,902,537",6,3,0,1,0,1,0,5,proceed,cancel,2023-12-10 15:09:11.000,2023-12-18 08:47:11.000,3,3,1,0,2,2023-12-10 15:04:03,2023,12
6,24,INC47922400,"140,946,784",105,"5,848,267,268","5,848,267,268","76,615,600","-99,999",3,3,0,0,0,0,0,15,proceed,cancel,2023-12-12 07:53:13.000,2023-12-19 03:33:44.000,3,3,1,0,2,2023-12-11 04:22:14,2023,12
6,24,INC47922576,"140,946,784",105,"5,848,267,268","5,848,267,268","80,859,673","-99,999",3,3,0,0,0,0,0,16,proceed,cancel,2023-12-11 09:23:14.000,2023-12-23 07:39:40.000,3,3,1,0,2,2023-12-11 06:36:45,2023,12
6,24,INC47909224,"266,226,194",121,"6,838,119,269","6,838,119,269","103,974,889","569,246,095",6,3,0,1,0,1,0,5,proceed,cancel,2023-12-08 12:56:00.000,2023-12-12 09:21:18.000,3,3,1,0,2,2023-12-08 12:46:44,2023,12
6,24,INC47916909,"140,946,784",105,"5,848,267,268","5,848,267,268","61,667,736","-99,999",3,3,0,0,0,0,0,5,proceed,cancel,2023-12-09 11:53:14.000,2023-12-09 12:53:07.000,3,3,1,0,2,2023-12-09 10:29:33,2023,12
6,24,INC47912363,"266,226,194",121,"6,313,447,475","6,313,447,475","103,974,889","569,280,921",6,3,0,1,0,1,0,6,proceed,cancel,2023-12-08 17:59:38.000,2023-12-12 09:21:19.000,3,3,1,0,2,2023-12-08 17:14:18,2023,12
6,24,INC47916902,"140,946,784",105,"5,848,267,268","6,345,982,539","61,667,736","-99,999",3,3,0,0,0,0,0,16,proceed,cancel,2023-12-09 12:51:56.000,2023-12-09 12:52:50.000,3,3,1,0,2,2023-12-09 10:25:30,2023,12
6,24,INC47922447,"140,946,784",105,"5,848,267,268","5,848,267,268","80,859,673","-99,999",3,3,0,0,0,0,0,9,proceed,cancel,2023-12-11 06:23:13.000,2023-12-12 12:58:09.000,3,3,1,0,2,2023-12-11 04:54:47,2023,12
6,24,INC47916782,"140,946,784",105,"5,848,267,268","6,293,179,578","76,615,600","-99,999",3,3,0,0,0,0,0,6,proceed,cancel,2023-12-09 08:28:31.000,2023-12-09 08:28:56.000,3,3,1,0,2,2023-12-09 08:05:38,2023,12
6,31,INC47910615,"166,126,616",122,"6,159,724,047","5,802,727,114","52,728,393","214,765,527",10,3,0,0,1,1,0,5,proceed,cancel,2023-12-08 22:35:14.000,2023-12-16 07:52:08.000,3,3,1,0,2,2023-12-08 15:04:31,2023,12
6,31,INC47920571,"166,126,616",16,"6,302,592,673","6,302,592,673","52,729,432","571,333,591",6,3,0,1,0,0,0,3,proceed,cancel,2023-12-10 15:22:40.000,2023-12-18 08:47:11.000,3,3,1,0,2,2023-12-10 15:17:09,2023,12
6,31,INC47913142,"166,126,616",122,"6,657,495,061","5,703,040,921","52,728,392","333,108,108",10,3,0,0,1,1,0,6,proceed,cancel,2023-12-08 19:29:52.000,2023-12-16 07:52:10.000,3,3,1,0,2,2023-12-08 18:06:46,2023,12
6,24,INC47912698,"266,226,194",51,"6,817,328,779","6,817,328,779","103,830,082","569,393,401",7,2,0,0,1,1,0,7,proceed,cancel,2023-12-08 17:40:54.000,2023-12-12 09:21:20.000,3,1,1,0,3,2023-12-08 17:39:01,2023,12
6,24,INC47920062,"140,946,784",105,"5,848,267,268","5,916,170,592","76,615,600","-99,999",3,3,0,0,0,0,0,13,proceed,cancel,2023-12-19 03:50:40.000,2023-12-19 03:54:49.000,3,3,1,0,2,2023-12-10 08:14:47,2023,12
6,24,INC47921763,"140,946,784",105,"5,848,267,268","5,848,267,268","80,859,673","-99,999",3,5,0,0,0,0,0,9,proceed,cancel,2023-12-11 00:53:13.000,2023-12-12 12:59:17.000,3,3,1,0,2,2023-12-10 21:42:07,2023,12
6,24,INC47922014,"140,946,784",105,"5,848,267,268","5,848,267,268","76,615,600","-99,999",3,3,0,0,0,0,0,8,proceed,cancel,2023-12-11 01:23:13.000,2023-12-21 07:40:54.000,3,3,1,0,2,2023-12-10 23:42:56,2023,12
6,24,INC47922343,"140,946,784",105,"5,848,267,268","5,848,267,268","76,615,600","-99,999",3,3,0,0,0,0,0,7,proceed,cancel,2023-12-11 04:53:13.000,2023-12-23 07:39:39.000,3,3,1,0,2,2023-12-11 03:33:24,2023,12
6,24,INC47920237,"140,946,784",105,"5,848,267,268","5,848,267,268","76,615,600","-99,999",3,3,0,0,0,0,0,7,proceed,cancel,2023-12-10 13:23:13.000,2023-12-18 08:00:10.000,3,3,1,0,2,2023-12-10 11:47:05,2023,12
6,24,INC47908687,"266,226,194",121,"6,264,845,105","6,264,845,105","103,974,889","569,373,343",6,3,0,1,0,1,0,11,proceed,cancel,2023-12-08 12:47:51.000,2023-12-12 09:21:17.000,3,3,1,1,2,2023-12-08 12:10:14,2023,12
6,24,INC47916379,"140,946,784",105,"5,848,267,268","5,848,267,268","80,859,673","-99,999",3,3,0,0,0,0,0,19,proceed,cancel,2023-12-09 04:23:13.000,2023-12-23 07:39:32.000,3,3,1,0,2,2023-12-09 02:19:38,2023,12
6,24,INC47933952,"140,946,784",105,"5,848,267,268","5,916,170,592","76,615,600","-99,999",3,3,0,0,0,0,0,17,proceed,cancel,2023-12-19 03:50:39.000,2023-12-19 03:54:45.000,3,3,1,0,2,2023-12-12 04:18:56,2023,12
6,31,INC47910722,"166,126,616",16,"5,703,039,025","6,059,124,548","79,181,792","572,649,035",10,3,0,0,1,0,0,6,proceed,cancel,2023-12-11 18:27:44.000,2023-12-19 08:50:41.000,3,3,1,0,2,2023-12-08 15:13:51,2023,12
6,24,INC47916903,"140,946,784",105,"5,848,267,268","5,848,267,268","61,667,736","-99,999",3,3,0,0,0,0,0,9,proceed,cancel,2023-12-09 11:53:13.000,2023-12-09 12:53:03.000,3,3,1,0,2,2023-12-09 10:28:19,2023,12
6,24,INC47912988,"266,226,194",121,"6,313,447,475","6,867,816,819","103,830,082","569,431,724",6,3,0,0,1,1,0,20,proceed,cancel,2023-12-11 20:39:13.000,2023-12-15 07:59:19.000,3,3,1,0,2,2023-12-08 17:52:40,2023,12
6,24,INC47920454,"166,126,616",121,"6,302,592,673","5,802,727,114","52,728,393","-99,999",6,3,0,0,1,0,0,10,proceed,cancel,2023-12-15 21:21:16.000,2023-12-23 07:42:18.000,2,3,1,0,2,2023-12-10 14:17:25,2023,12
6,24,INC47922446,"140,946,784",105,"5,848,267,268","5,848,267,268","80,859,673","-99,999",3,3,0,0,0,0,0,9,proceed,cancel,2023-12-11 06:23:13.000,2023-12-12 12:58:06.000,3,3,1,0,2,2023-12-11 04:54:46,2023,12
6,24,INC47922288,"140,946,784",105,"5,848,267,268","5,848,267,268","80,859,673","-99,999",3,3,0,0,0,0,0,8,proceed,cancel,2023-12-11 04:23:13.000,2023-12-23 07:39:37.000,3,3,1,0,2,2023-12-11 02:48:45,2023,12
6,24,INC47924845,"140,946,784",105,"5,848,267,268","5,848,267,268","80,859,673","-99,999",3,5,0,0,0,0,0,9,proceed,cancel,2023-12-11 15:53:14.000,2023-12-12 12:54:47.000,3,3,1,0,2,2023-12-11 14:41:16,2023,12
6,24,INC47922672,"140,946,784",105,"5,848,267,268","5,848,267,268","80,859,673","-99,999",3,3,0,0,0,0,0,9,proceed,cancel,2023-12-11 11:23:14.000,2023-12-12 11:20:35.000,3,3,1,0,2,2023-12-11 07:51:48,2023,12
6,24,INC47920198,"140,946,784",105,"5,848,267,268","5,848,267,268","76,615,600","-99,999",3,3,0,0,0,0,0,7,proceed,cancel,2023-12-10 12:23:14.000,2023-12-18 08:00:09.000,3,3,1,0,2,2023-12-10 11:10:55,2023,12
6,24,INC47922440,"140,946,784",105,"5,848,267,268","6,345,982,539","80,859,673","-99,999",3,3,0,0,0,0,0,13,proceed,cancel,2023-12-12 12:56:42.000,2023-12-12 12:57:50.000,3,3,1,0,2,2023-12-11 04:49:54,2023,12
6,24,INC47921808,"166,126,616",51,"6,278,127,618","5,703,040,921","67,354,644","-99,999",10,3,0,0,2,0,0,4,proceed,cancel,2024-01-19 18:17:42.000,2024-01-27 07:46:20.000,3,3,1,0,2,2023-12-10 22:02:20,2023,12
6,31,INC47923096,"166,126,616",122,"5,788,661,873","5,703,040,921","52,728,392","561,183,411",10,3,0,0,1,1,0,8,proceed,cancel,2023-12-11 14:45:01.000,2023-12-19 08:50:45.000,3,3,1,0,2,2023-12-11 11:39:49,2023,12
6,24,INC47921121,"266,226,194",121,"6,204,928,876","6,264,845,105","103,974,889","569,280,921",6,3,0,1,0,1,0,27,proceed,cancel,2023-12-12 18:48:37.000,2023-12-16 08:02:11.000,3,3,1,0,2,2023-12-10 17:55:54,2023,12
6,24,INC47921773,"140,946,784",105,"5,848,267,268","5,848,267,268","76,615,600","-99,999",3,3,0,0,0,0,0,8,proceed,cancel,2023-12-10 23:23:14.000,2023-12-23 07:39:36.000,3,3,1,0,2,2023-12-10 21:49:06,2023,12
6,31,INC47912456,"166,126,616",122,"5,703,041,055","5,703,040,921","52,728,392","215,117,249",10,3,0,0,3,1,0,14,proceed,cancel,2023-12-11 11:09:10.000,2023-12-19 08:50:41.000,3,3,1,0,2,2023-12-08 17:22:23,2023,12
6,24,INC47921595,"166,126,616",121,"6,569,453,423","6,016,140,447","52,728,392","571,456,192",10,3,0,0,1,1,0,6,proceed,cancel,2023-12-11 13:16:55.000,2023-12-19 08:50:43.000,3,3,1,0,2,2023-12-10 20:27:24,2023,12
6,24,INC48050838,"140,946,784",105,"5,848,267,268","6,345,982,539","61,667,736","-99,999",3,3,0,0,0,0,0,13,proceed,cancel,2023-12-30 11:17:52.000,2023-12-30 11:18:39.000,3,3,1,0,2,2023-12-29 15:20:12,2023,12
6,24,INC48054158,"140,946,784",105,"5,848,267,268","5,848,267,268","76,615,600","-99,999",3,3,0,0,0,0,0,7,proceed,cancel,2023-12-29 23:53:15.000,2024-01-06 07:38:58.000,3,3,1,0,2,2023-12-29 22:50:13,2023,12
6,31,INC48053236,"166,126,616",16,"5,703,040,664","6,877,023,618","52,728,391","571,423,726",10,3,0,0,2,1,0,13,proceed,cancel,2024-01-12 14:59:36.000,2024-01-20 07:56:39.000,3,3,1,0,2,2023-12-29 20:09:49,2023,12
6,25,INC48050296,"266,226,194",63,"6,264,845,105","6,264,845,105","103,974,889","569,324,130",6,3,0,1,0,1,0,4,proceed,cancel,2023-12-29 14:28:02.000,2024-01-02 08:43:52.000,3,3,1,0,2,2023-12-29 14:24:38,2023,12
6,31,INC48047424,"166,126,616",122,"5,936,352,761","6,016,140,447","52,728,392","561,214,205",10,3,0,0,1,1,0,6,proceed,cancel,2023-12-31 02:33:56.000,2024-01-07 07:38:20.000,3,3,1,0,2,2023-12-28 20:41:48,2023,12
6,24,INC48053319,"140,946,784",105,"5,848,267,268","5,848,267,268","80,859,673","-99,999",3,3,0,0,0,0,0,89,proceed,cancel,2024-01-02 04:23:14.000,2024-01-09 08:04:59.000,3,3,1,0,2,2023-12-29 20:21:12,2023,12
6,31,INC48046157,"166,126,616",122,"6,030,392,865","5,703,041,013","52,728,393","215,117,249",10,3,0,0,1,1,0,10,proceed,cancel,2023-12-29 02:31:40.000,2024-01-05 07:21:57.000,3,3,1,0,2,2023-12-28 18:24:01,2023,12
6,24,INC48049168,"140,946,784",105,"5,848,267,268","5,848,267,268","80,859,673","-99,999",3,3,0,0,0,0,0,5,proceed,cancel,2023-12-29 08:53:13.000,2023-12-30 11:20:51.000,3,3,1,0,2,2023-12-29 07:41:16,2023,12
6,24,INC48054521,"166,126,616",121,"6,842,456,985","6,197,463,044","52,728,393","215,117,249",6,3,0,0,1,1,0,6,proceed,cancel,2024-01-02 19:52:55.000,2024-01-10 09:17:31.000,3,3,1,0,2,2023-12-30 01:10:17,2023,12
6,24,INC48043497,"266,226,194",121,"6,264,845,105","6,264,845,105","103,974,889","569,465,840",6,3,0,1,0,1,0,8,proceed,cancel,2023-12-28 13:48:39.000,2024-01-01 07:36:36.000,3,3,1,0,2,2023-12-28 13:44:13,2023,12
6,24,INC48048362,"140,946,784",105,"5,848,267,268","5,848,267,268","76,615,600","-99,999",3,3,0,0,0,0,0,7,proceed,cancel,2023-12-29 00:53:13.000,2024-01-05 07:20:01.000,3,3,1,0,2,2023-12-28 23:35:47,2023,12
6,24,INC48053028,"166,126,616",121,"6,842,456,985","5,703,040,921","52,728,392","215,107,213",6,3,0,0,1,0,0,5,proceed,cancel,2023-12-31 14:41:53.000,2024-01-08 09:09:11.000,3,3,1,0,2,2023-12-29 19:41:31,2023,12
6,24,INC48044883,"140,946,784",105,"5,848,267,268","5,848,267,268","61,667,736","-99,999",3,3,0,0,0,0,0,5,proceed,cancel,2023-12-28 17:23:14.000,2024-01-01 14:43:41.000,3,3,1,0,2,2023-12-28 16:10:48,2023,12
6,24,INC48051778,"266,226,194",121,"6,264,845,105","6,264,845,105","103,974,889","569,480,995",6,3,0,1,0,1,0,7,proceed,cancel,2024-01-01 12:05:25.000,2024-01-05 07:29:06.000,3,3,1,0,2,2023-12-29 17:06:23,2023,12
6,24,INC48052141,"166,126,616",121,"5,936,352,761","6,059,124,548","79,181,792","576,164,409",10,3,0,0,1,1,0,8,proceed,cancel,2024-01-02 15:13:06.000,2024-01-10 09:17:30.000,3,3,1,0,2,2023-12-29 17:48:18,2023,12
6,24,INC48054212,"166,126,616",121,"6,842,456,985","5,703,040,921","52,728,392","571,456,192",6,3,0,0,1,1,0,8,proceed,cancel,2023-12-31 12:50:01.000,2024-01-08 09:09:11.000,3,3,1,0,2,2023-12-29 23:08:32,2023,12
6,24,INC48043209,"266,226,194",121,"6,200,018,870","6,200,018,870","103,974,889","569,276,714",6,3,0,1,0,1,0,5,proceed,cancel,2023-12-28 13:08:52.000,2024-01-01 07:36:35.000,3,3,1,0,2,2023-12-28 13:04:26,2023,12
6,24,INC48049169,"140,946,784",105,"5,848,267,268","5,848,267,268","80,859,673","-99,999",3,3,0,0,0,0,0,5,proceed,cancel,2023-12-29 08:53:13.000,2023-12-30 11:20:50.000,3,3,1,0,2,2023-12-29 07:41:17,2023,12
6,24,INC48043114,"266,226,194",121,"6,264,845,105","6,817,328,029","103,830,082","569,469,943",6,3,0,1,1,1,0,38,proceed,cancel,2024-01-10 17:35:07.000,2024-01-14 10:04:35.000,3,3,1,0,2,2023-12-28 12:40:47,2023,12
6,24,INC48054884,"140,946,784",105,"5,848,267,268","5,848,267,268","76,615,600","-99,999",3,3,0,0,0,0,0,7,proceed,cancel,2023-12-30 05:53:13.000,2024-01-06 07:38:59.000,3,3,1,0,2,2023-12-30 04:50:52,2023,12
6,24,INC48049170,"140,946,784",105,"5,848,267,268","5,848,267,268","80,859,673","-99,999",3,3,0,0,0,0,0,5,proceed,cancel,2023-12-29 08:53:14.000,2023-12-30 11:20:49.000,3,3,1,0,2,2023-12-29 07:41:19,2023,12
6,31,INC48054389,"166,126,616",52,"5,703,040,659","5,703,040,921","52,728,392","572,579,338",10,3,0,0,1,1,0,5,proceed,cancel,2023-12-31 12:34:15.000,2024-01-08 09:09:11.000,3,3,1,0,2,2023-12-30 00:10:48,2023,12
6,24,INC48054668,"140,946,784",105,"5,848,267,268","5,848,267,268","61,667,736","-99,999",3,3,0,0,0,0,0,5,proceed,cancel,2023-12-30 03:53:13.000,2023-12-30 11:24:11.000,3,3,1,0,2,2023-12-30 02:23:13,2023,12
6,31,INC48054767,"266,226,194",122,"5,802,967,307","5,802,967,307","103,974,889","569,462,314",6,3,0,1,0,1,0,5,proceed,cancel,2023-12-30 03:36:10.000,2024-01-02 08:43:55.000,3,3,1,0,2,2023-12-30 03:29:48,2023,12
6,31,INC48053719,"166,126,616",122,"6,288,869,993","6,016,140,447","52,728,391","215,060,468",10,3,0,0,2,1,0,8,proceed,cancel,2023-12-31 02:27:20.000,2024-01-07 07:38:21.000,3,3,1,0,2,2023-12-29 21:25:19,2023,12
6,24,INC48053536,"166,126,616",51,"5,882,166,207","6,842,456,985","52,729,432","215,060,468",10,3,0,1,0,1,0,14,proceed,cancel,2024-01-04 22:32:16.000,2024-01-12 08:00:44.000,3,3,1,0,2,2023-12-29 20:55:18,2023,12
6,24,INC48054667,"140,946,784",105,"5,848,267,268","5,848,267,268","61,667,736","-99,999",3,3,0,0,0,0,0,5,proceed,cancel,2023-12-30 03:53:13.000,2023-12-30 11:24:12.000,3,3,1,0,2,2023-12-30 02:23:12,2023,12
6,31,INC48054017,"166,126,616",16,"5,759,423,830","5,759,423,830","52,729,432","571,333,591",6,3,0,1,0,0,0,3,proceed,cancel,2023-12-29 22:17:01.000,2024-01-06 07:41:14.000,3,3,1,0,2,2023-12-29 22:14:55,2023,12
6,24,INC48052971,"166,126,616",121,"6,853,836,737","5,703,037,892","52,728,393","215,117,249",6,3,0,0,1,1,0,8,proceed,cancel,2023-12-29 20:22:31.000,2024-01-06 07:41:14.000,3,3,1,0,2,2023-12-29 19:34:33,2023,12
6,31,INC48048602,"166,126,616",16,"5,759,423,830","5,759,423,830","52,729,432","571,333,591",6,3,0,1,0,0,0,3,proceed,cancel,2023-12-29 01:02:19.000,2024-01-05 07:22:00.000,3,3,1,0,2,2023-12-29 00:55:23,2023,12
6,24,INC48051117,"166,126,616",121,"6,207,662,063","6,877,023,618","52,728,391","571,423,726",10,3,0,0,2,1,0,15,proceed,cancel,2024-01-21 02:42:42.000,2024-01-28 09:26:16.000,3,3,1,0,2,2023-12-29 15:48:49,2023,12
6,24,INC48050775,"266,226,194",121,"6,264,845,105","6,264,845,105","103,974,889","569,462,314",6,3,0,1,0,1,0,15,proceed,cancel,2023-12-29 15:34:29.000,2024-01-02 08:43:53.000,3,3,1,0,2,2023-12-29 15:14:08,2023,12
6,24,INC48047505,"140,946,784",105,"5,848,267,268","5,848,267,268","80,859,673","-99,999",3,3,0,0,0,0,0,11,proceed,cancel,2023-12-28 22:23:14.000,2024-01-05 07:19:58.000,3,3,1,0,2,2023-12-28 20:53:08,2023,12
6,31,INC48042930,"266,226,194",122,"3,790,156,078","6,838,119,269","103,974,889","569,311,341",4,3,0,1,0,1,0,14,proceed,cancel,2023-12-29 17:02:22.000,2024-01-02 08:43:51.000,3,3,1,0,2,2023-12-28 11:51:08,2023,12
6,24,INC48045984,"166,126,616",121,"6,842,456,985","6,016,140,447","52,728,392","215,070,509",6,3,0,0,2,0,0,7,proceed,cancel,2023-12-28 20:34:35.000,2024-01-05 07:21:57.000,3,3,1,0,2,2023-12-28 18:06:34,2023,12
6,24,INC48044882,"140,946,784",105,"5,848,267,268","5,848,267,268","61,667,736","-99,999",3,3,0,0,0,0,0,5,proceed,cancel,2023-12-28 17:23:14.000,2024-01-01 14:43:48.000,3,3,1,0,2,2023-12-28 16:10:46,2023,12
6,24,INC48046485,"166,126,616",121,"6,159,724,047","5,703,041,013","52,728,393","571,300,385",10,3,0,0,1,1,0,7,proceed,cancel,2023-12-29 02:32:51.000,2024-01-05 07:21:58.000,3,3,1,0,2,2023-12-28 18:56:08,2023,12
6,24,INC48042648,"140,946,784",105,"5,848,267,268","5,848,267,268","76,615,600","-99,999",3,5,0,0,0,0,0,7,proceed,cancel,2024-01-10 12:42:37.000,2024-01-12 07:02:33.000,3,3,1,0,2,2023-12-28 08:26:07,2023,12
6,24,INC48047721,"140,946,784",105,"5,848,267,268","5,848,267,268","76,615,600","-99,999",3,5,0,0,0,0,0,19,proceed,cancel,2023-12-29 22:23:16.000,2024-01-06 07:38:48.000,3,3,1,0,2,2023-12-28 21:20:07,2023,12
6,24,INC48048705,"140,946,784",105,"5,848,267,268","5,848,267,268","80,859,673","-99,999",3,3,0,0,0,0,0,17,proceed,cancel,2023-12-29 06:53:13.000,2024-01-06 07:38:49.000,3,3,1,0,2,2023-12-29 01:45:07,2023,12
6,24,INC48045298,"140,946,784",105,"5,848,267,268","5,848,267,268","76,615,600","-99,999",3,3,0,0,0,0,0,7,proceed,cancel,2023-12-28 17:53:14.000,2024-01-05 07:19:57.000,3,3,1,0,2,2023-12-28 16:51:27,2023,12
6,31,INC48047185,"266,226,194",16,"3,790,156,078","6,867,816,743","103,830,082","569,338,860",10,3,0,1,1,1,0,19,proceed,cancel,2024-01-02 14:29:47.000,2024-01-06 07:47:26.000,3,3,1,0,2,2023-12-28 20:15:05,2023,12
6,24,INC48044881,"140,946,784",105,"5,848,267,268","5,848,267,268","61,667,736","-99,999",3,3,0,0,0,0,0,5,proceed,cancel,2023-12-28 17:23:14.000,2024-01-01 14:43:46.000,3,3,1,0,2,2023-12-28 16:10:44,2023,12
6,24,INC48045858,"166,126,616",121,"6,816,701,351","6,816,701,351","52,729,432","571,423,726",6,3,0,1,0,1,0,7,proceed,cancel,2023-12-28 18:20:06.000,2024-01-05 07:21:57.000,3,3,1,0,2,2023-12-28 17:51:37,2023,12
6,31,INC48049013,"140,946,784",16,"6,293,179,578","5,759,422,858","41,927,742","-99,999",10,3,0,0,2,0,0,13,proceed,cancel,2024-01-03 16:40:04.000,2024-01-11 07:49:00.000,3,3,1,0,2,2023-12-29 05:15:27,2023,12
6,24,INC48046985,"166,126,616",121,"6,059,119,150","5,703,037,892","52,728,393","571,423,726",10,3,0,0,2,1,0,12,proceed,cancel,2023-12-29 18:46:49.000,2024-01-06 07:41:11.000,3,3,1,0,2,2023-12-28 19:50:23,2023,12
6,31,INC48050612,"166,126,616",104,"6,853,836,737","6,016,140,447","52,728,392","561,183,411",6,3,0,0,1,1,0,6,proceed,cancel,2023-12-31 02:30:28.000,2024-01-07 07:38:20.000,3,3,1,0,2,2023-12-29 14:58:21,2023,12
6,31,INC48043300,"166,126,616",16,"5,936,352,761","6,059,124,548","79,181,792","215,117,249",10,3,0,0,1,1,0,6,proceed,cancel,2024-01-02 16:03:36.000,2024-01-10 09:17:30.000,3,3,1,0,2,2023-12-28 13:17:49,2023,12
6,24,INC48049012,"266,226,194",121,"6,200,018,870","6,817,328,029","103,830,082","569,381,234",6,3,0,1,1,1,0,14,proceed,cancel,2024-01-08 13:40:23.000,2024-01-12 08:09:36.000,3,3,1,0,2,2023-12-29 05:14:55,2023,12
6,24,INC48050659,"166,126,616",121,"5,788,661,775","5,703,041,143","87,971,197","214,720,028",10,3,0,0,1,1,0,10,proceed,cancel,2024-01-05 16:13:13.000,2024-01-13 08:00:02.000,3,3,1,0,2,2023-12-29 15:02:55,2023,12
6,24,INC48054328,"166,126,616",121,"6,842,456,985","5,703,040,921","52,728,392","571,456,192",6,3,0,0,1,1,0,7,proceed,cancel,2023-12-31 12:54:24.000,2024-01-14 09:58:31.000,3,3,1,0,2,2023-12-29 23:49:31,2023,12
6,24,INC48044826,"140,946,784",105,"5,848,267,268","6,345,982,539","61,667,736","-99,999",3,3,0,0,0,0,0,14,proceed,cancel,2024-01-01 14:43:08.000,2024-01-01 14:43:29.000,3,3,1,0,2,2023-12-28 16:05:57,2023,12
6,24,INC48043037,"140,946,784",105,"5,848,267,268","6,345,982,539","80,859,673","-99,999",3,3,0,0,0,0,0,14,proceed,cancel,2023-12-30 11:42:43.000,2023-12-30 11:43:24.000,3,3,1,0,2,2023-12-28 12:23:26,2023,12
6,24,INC48047987,"140,946,784",105,"5,848,267,268","5,848,267,268","76,615,600","-99,999",3,3,0,0,0,0,0,7,proceed,cancel,2023-12-28 23:23:14.000,2024-01-05 07:20:00.000,3,3,1,0,2,2023-12-28 22:03:36,2023,12
6,31,INC48048986,"140,946,784",16,"6,293,179,578","5,583,924,682","41,927,742","-99,999",10,3,0,0,2,0,0,21,proceed,cancel,2024-01-08 23:16:45.000,2024-01-16 08:13:13.000,3,3,1,0,2,2023-12-29 04:47:22,2023,12
6,31,INC48044855,"166,126,616",122,"6,159,724,051","6,016,140,447","52,728,392","571,456,192",10,3,0,0,1,1,0,6,proceed,cancel,2023-12-28 20:22:19.000,2024-01-05 07:21:56.000,3,3,1,0,2,2023-12-28 16:08:38,2023,12
6,24,INC48048706,"140,946,784",105,"5,848,267,268","5,848,267,268","80,859,673","-99,999",3,3,0,0,0,0,0,38,proceed,cancel,2023-12-29 06:53:13.000,2024-01-06 07:38:50.000,3,3,1,0,2,2023-12-29 01:45:09,2023,12
6,31,INC48043183,"140,946,784",16,"6,345,982,539","5,916,170,592","76,615,600","-99,999",10,3,0,0,5,0,0,23,proceed,cancel,2024-01-03 08:32:07.000,2024-01-03 08:32:44.000,3,3,1,0,2,2023-12-28 13:00:41,2023,12
6,24,INC48045626,"266,226,194",121,"6,264,845,105","6,264,845,105","103,974,889","569,462,314",6,3,0,1,0,1,0,25,proceed,cancel,2024-01-03 14:34:41.000,2024-01-07 07:41:38.000,3,3,1,0,2,2023-12-28 17:25:56,2023,12
6,24,INC48044976,"266,226,194",121,"6,264,845,105","6,264,845,105","103,974,889","569,280,795",6,3,0,1,0,1,0,12,proceed,cancel,2023-12-28 18:03:22.000,2024-01-01 07:36:37.000,3,3,1,0,2,2023-12-28 16:18:47,2023,12
6,24,INC48052219,"140,946,784",105,"5,848,267,268","5,848,267,268","80,859,673","-99,999",3,3,0,0,0,0,0,7,proceed,cancel,2023-12-29 19:53:13.000,2024-01-06 07:38:56.000,3,3,1,0,2,2023-12-29 18:01:14,2023,12
6,31,INC48053285,"266,226,194",122,"3,790,156,078","6,817,328,029","103,830,082","569,280,921",10,3,0,1,1,1,0,30,proceed,cancel,2024-01-03 14:57:45.000,2024-01-07 07:41:38.000,3,3,1,0,2,2023-12-29 20:16:52,2023,12
6,24,INC48052277,"140,946,784",105,"5,848,267,268","5,848,267,268","80,859,673","-99,999",3,3,0,0,0,0,0,7,proceed,cancel,2023-12-29 19:53:13.000,2024-01-06 07:38:56.000,3,3,1,0,2,2023-12-29 18:09:10,2023,12
6,31,INC48051652,"166,126,616",122,"6,819,139,276","6,819,139,276","52,729,432","215,117,249",6,3,0,1,0,1,0,6,proceed,cancel,2023-12-29 17:11:24.000,2024-01-06 07:41:13.000,3,3,1,0,2,2023-12-29 16:50:51,2023,12
6,24,INC48047503,"140,946,784",105,"5,848,267,268","5,848,267,268","80,859,673","-99,999",3,3,0,0,0,0,0,11,proceed,cancel,2023-12-28 22:23:14.000,2024-01-05 07:19:58.000,3,3,1,0,2,2023-12-28 20:53:07,2023,12
6,31,INC48047288,"266,226,194",16,"3,790,156,078","6,817,328,779","103,830,082","569,338,860",10,3,0,0,1,1,0,17,proceed,cancel,2023-12-28 20:29:52.000,2023-12-28 20:30:03.000,3,3,1,0,2,2023-12-28 20:26:32,2023,12
6,24,INC48052478,"266,226,194",51,"6,264,845,105","6,867,816,743","103,830,082","569,316,741",6,3,0,1,1,1,0,26,proceed,cancel,2024-01-24 15:49:13.000,2024-01-28 09:31:18.000,3,3,1,0,2,2023-12-29 18:30:17,2023,12
6,31,INC48049145,"140,946,784",16,"6,293,179,578","6,345,982,539","76,615,600","-99,999",10,3,0,0,1,0,0,21,proceed,cancel,2024-01-05 02:17:34.000,2024-01-05 02:17:54.000,3,3,1,0,2,2023-12-29 07:19:18,2023,12
6,31,INC48048457,"266,226,194",122,"3,790,156,078","6,817,329,706","103,830,082","569,362,801",4,3,0,0,1,1,0,8,proceed,cancel,2023-12-29 00:12:55.000,2024-01-01 07:36:39.000,3,3,1,0,2,2023-12-29 00:07:51,2023,12
6,24,INC48050229,"266,226,194",121,"6,264,845,105","6,817,328,029","103,830,082","569,324,130",6,3,0,1,1,1,0,23,proceed,cancel,2024-01-02 16:26:24.000,2024-01-06 07:47:28.000,3,3,1,0,2,2023-12-29 14:14:40,2023,12
6,24,INC48046408,"166,126,616",121,"4,536,264,761","4,536,264,761","52,729,432","215,117,249",6,3,0,1,0,1,0,3,proceed,cancel,2023-12-28 18:53:11.000,2024-01-05 07:21:58.000,3,3,1,0,2,2023-12-28 18:49:39,2023,12
6,24,INC48051008,"266,226,194",103,"6,834,978,994","6,264,845,105","103,974,889","569,462,314",10,3,0,1,0,1,0,10,proceed,cancel,2023-12-29 16:27:05.000,2024-01-02 08:43:53.000,3,3,1,0,2,2023-12-29 15:38:48,2023,12
6,24,INC48051999,"166,126,616",121,"4,536,264,761","4,536,264,761","52,729,432","571,456,192",6,3,0,1,0,1,0,3,proceed,cancel,2023-12-29 17:38:51.000,2024-01-06 07:41:13.000,3,3,1,0,2,2023-12-29 17:29:14,2023,12
6,24,INC48049464,"140,946,784",105,"5,848,267,268","-99,999","80,859,673","-99,999",3,3,0,0,0,0,0,13,proceed,cancel,2024-02-24 08:06:36.000,2024-02-24 08:06:36.000,3,3,1,0,2,2023-12-29 11:29:09,2023,12
6,24,INC48045797,"166,126,616",27,"5,703,041,216","5,703,040,921","52,728,392","571,423,726",10,3,0,0,1,1,0,9,proceed,cancel,2024-01-04 14:30:43.000,2024-01-12 08:00:43.000,3,3,1,0,2,2023-12-28 17:44:54,2023,12
6,24,INC48043050,"140,946,784",105,"5,848,267,268","5,848,267,268","80,859,673","-99,999",3,3,0,0,0,0,0,9,proceed,cancel,2023-12-28 13:53:14.000,2023-12-30 11:43:33.000,3,3,1,0,2,2023-12-28 12:25:47,2023,12
6,24,INC48048810,"140,946,784",105,"5,848,267,268","5,848,267,268","76,615,600","-99,999",3,3,0,0,0,0,0,7,proceed,cancel,2023-12-29 03:53:13.000,2024-01-05 07:20:02.000,3,3,1,0,2,2023-12-29 02:36:06,2023,12
6,31,INC48044261,"166,126,616",16,"6,853,836,737","6,853,836,737","52,729,432","414,126,732",6,3,0,1,0,0,0,4,proceed,cancel,2023-12-28 15:16:36.000,2024-01-05 07:21:55.000,3,3,1,0,2,2023-12-28 15:13:20,2023,12
6,24,INC48047722,"140,946,784",105,"5,848,267,268","5,848,267,268","80,859,673","-99,999",3,5,0,0,0,0,0,15,proceed,cancel,2023-12-31 02:23:13.000,2024-01-04 12:37:25.000,3,3,1,0,2,2023-12-28 21:20:09,2023,12
6,24,INC48042544,"140,946,784",105,"5,848,267,268","5,848,267,268","61,667,736","-99,999",3,5,0,0,0,0,0,19,proceed,cancel,2023-12-29 11:23:13.000,2024-01-06 07:38:47.000,3,3,1,0,2,2023-12-28 07:07:38,2023,12
6,31,INC48048637,"166,126,616",122,"6,842,456,985","6,842,456,985","52,729,432","215,157,250",6,3,0,1,0,0,0,7,proceed,cancel,2023-12-29 02:21:17.000,2024-01-05 07:22:00.000,3,3,1,0,2,2023-12-29 01:09:57,2023,12
6,24,INC48043041,"140,946,784",105,"5,848,267,268","5,848,267,268","80,859,673","-99,999",3,3,0,0,0,0,0,9,proceed,cancel,2023-12-28 13:53:14.000,2023-12-30 11:43:29.000,3,3,1,0,2,2023-12-28 12:24:36,2023,12
6,24,INC48046616,"166,126,616",51,"6,159,724,047","5,703,040,921","52,728,392","572,610,321",10,3,0,0,1,0,0,11,proceed,cancel,2023-12-29 20:29:39.000,2024-01-06 07:41:10.000,3,3,1,0,2,2023-12-28 19:10:49,2023,12
6,24,INC48048474,"166,126,616",121,"5,759,423,830","6,016,140,447","52,728,392","561,183,411",6,3,0,0,1,1,0,5,proceed,cancel,2023-12-31 02:31:49.000,2024-01-07 07:38:20.000,3,3,1,0,2,2023-12-29 00:11:58,2023,12
6,24,INC48043039,"140,946,784",105,"5,848,267,268","5,848,267,268","80,859,673","-99,999",3,3,0,0,0,0,0,9,proceed,cancel,2023-12-28 13:53:14.000,2023-12-30 11:43:31.000,3,3,1,0,2,2023-12-28 12:23:29,2023,12
6,24,INC48047244,"166,126,616",51,"4,536,264,761","5,703,040,455","52,728,392","571,301,725",6,3,0,0,1,1,0,6,proceed,cancel,2024-01-03 19:45:49.000,2024-01-11 08:31:41.000,3,3,1,0,2,2023-12-28 20:22:05,2023,12
6,24,INC48044325,"140,946,784",105,"5,848,267,268","5,848,267,268","76,615,600","-99,999",3,3,0,0,0,0,0,7,proceed,cancel,2023-12-28 16:23:14.000,2024-01-05 07:19:56.000,3,3,1,0,2,2023-12-28 15:19:00,2023,12
6,24,INC48054882,"166,126,616",121,"5,703,039,272","6,197,463,044","52,728,393","215,070,509",10,3,0,0,1,0,0,10,proceed,cancel,2024-01-01 18:41:15.000,2024-01-09 09:18:31.000,3,3,1,0,2,2023-12-30 04:49:50,2023,12
6,24,INC48043810,"166,126,616",51,"6,159,724,278","5,703,040,921","52,728,392","575,971,803",10,3,0,0,1,0,0,8,proceed,cancel,2023-12-29 20:19:43.000,2024-01-06 07:41:10.000,3,3,1,0,2,2023-12-28 14:25:54,2023,12
6,24,INC48043287,"266,226,194",121,"6,264,845,105","6,867,816,819","103,830,082","569,381,099",6,3,0,1,1,1,0,19,proceed,cancel,2023-12-28 16:31:16.000,2024-01-01 07:36:36.000,3,3,1,0,2,2023-12-28 13:15:55,2023,12
6,24,INC48049164,"140,946,784",105,"5,848,267,268","6,345,982,539","80,859,673","-99,999",3,3,0,0,0,0,0,14,proceed,cancel,2023-12-30 11:20:06.000,2023-12-30 11:20:40.000,3,3,1,0,2,2023-12-29 07:37:06,2023,12
6,24,INC48053872,"266,226,194",51,"5,802,967,307","5,802,967,307","103,974,889","569,324,130",6,3,0,1,0,1,0,6,proceed,cancel,2023-12-29 22:29:14.000,2024-01-02 08:43:54.000,3,3,1,0,2,2023-12-29 21:49:39,2023,12
6,24,INC48044879,"140,946,784",105,"5,848,267,268","5,848,267,268","61,667,736","-99,999",3,3,0,0,0,0,0,5,proceed,cancel,2023-12-28 17:23:14.000,2024-01-01 14:43:42.000,3,3,1,0,2,2023-12-28 16:10:40,2023,12
6,25,INC48045411,"266,226,194",63,"3,790,156,078","6,838,119,269","103,974,889","569,247,137",10,3,0,1,0,1,0,9,proceed,cancel,2024-01-01 16:20:10.000,2024-01-05 07:29:06.000,3,3,1,0,2,2023-12-28 17:01:29,2023,12
6,31,INC48051747,"166,126,616",16,"6,853,836,737","6,853,836,737","52,729,432","571,456,467",6,3,0,1,0,0,0,4,proceed,cancel,2023-12-29 17:13:17.000,2024-01-06 07:41:13.000,3,3,1,0,2,2023-12-29 17:02:19,2023,12
6,24,INC48049465,"140,946,784",105,"5,848,267,268","5,848,267,268","80,859,673","-99,999",3,3,0,0,0,0,0,7,proceed,cancel,2023-12-29 13:23:14.000,2024-01-06 07:38:52.000,3,3,1,0,2,2023-12-29 11:29:10,2023,12
6,24,INC48043038,"140,946,784",105,"5,848,267,268","5,848,267,268","80,859,673","-99,999",3,3,0,0,0,0,0,9,proceed,cancel,2023-12-28 13:53:14.000,2023-12-30 11:43:32.000,3,3,1,0,2,2023-12-28 12:23:28,2023,12
6,24,INC48046997,"166,126,616",121,"5,981,059,438","5,703,040,921","52,728,392","571,419,514",10,3,0,0,1,1,0,7,proceed,cancel,2023-12-29 15:13:51.000,2024-01-06 07:41:11.000,3,3,1,0,2,2023-12-28 19:52:20,2023,12
6,24,INC48047440,"166,126,616",103,"5,703,037,503","5,703,041,143","87,971,197","215,137,248",10,4,0,0,1,0,0,12,proceed,cancel,2024-01-05 18:35:48.000,2024-01-13 08:00:01.000,2,2,1,0,1,2023-12-28 20:43:51,2023,12
6,24,INC48045133,"166,126,616",121,"5,703,039,477","6,819,139,276","52,729,432","215,097,312",10,3,0,1,0,1,0,6,proceed,cancel,2023-12-28 17:50:09.000,2024-01-05 07:21:56.000,3,3,1,0,2,2023-12-28 16:34:53,2023,12
6,24,INC48047910,"166,126,616",121,"6,842,456,985","6,197,463,044","52,728,393","215,117,249",6,3,0,0,1,1,0,8,proceed,cancel,2023-12-28 23:17:01.000,2024-01-05 07:21:59.000,3,3,1,0,2,2023-12-28 21:52:32,2023,12
6,24,INC48048657,"166,126,616",51,"6,159,723,925","5,703,040,921","52,728,392","591,460,505",10,3,0,0,1,1,0,7,proceed,cancel,2023-12-29 16:37:37.000,2024-01-06 07:41:12.000,3,3,1,0,2,2023-12-29 01:18:57,2023,12
6,24,INC48053575,"140,946,784",105,"5,848,267,268","5,848,267,268","76,615,600","-99,999",3,5,0,0,0,0,0,10,proceed,cancel,2023-12-30 21:23:13.000,2024-01-07 07:34:42.000,3,3,1,0,2,2023-12-29 21:00:32,2023,12
6,24,INC48044886,"140,946,784",105,"5,848,267,268","5,848,267,268","61,667,736","-99,999",3,3,0,0,0,0,0,5,proceed,cancel,2023-12-28 17:23:14.000,2024-01-01 14:43:43.000,3,3,1,0,2,2023-12-28 16:10:53,2023,12
6,31,INC48047621,"166,126,616",122,"5,788,661,775","5,703,037,892","52,728,393","215,117,249",10,3,0,0,1,1,0,6,proceed,cancel,2023-12-29 15:42:26.000,2024-01-06 07:41:11.000,3,3,1,0,2,2023-12-28 21:07:22,2023,12
6,24,INC48045599,"166,126,616",121,"6,853,836,737","6,197,463,044","52,728,393","215,070,509",6,3,0,0,1,0,0,8,proceed,cancel,2023-12-28 18:58:30.000,2024-01-05 07:21:56.000,3,3,1,0,2,2023-12-28 17:23:58,2023,12
6,24,INC48052046,"166,126,616",121,"4,536,264,761","5,703,040,921","52,728,392","571,300,385",6,3,0,0,3,1,0,8,proceed,cancel,2023-12-29 20:03:17.000,2024-01-06 07:41:14.000,3,3,1,0,2,2023-12-29 17:36:19,2023,12
6,24,INC48048908,"140,946,784",105,"5,848,267,268","6,345,982,539","80,859,673","-99,999",3,3,0,0,0,0,0,15,proceed,cancel,2023-12-30 11:21:57.000,2023-12-30 11:22:52.000,3,3,1,0,2,2023-12-29 03:43:48,2023,12
6,31,INC48048166,"166,126,616",122,"5,703,039,254","6,197,463,044","52,728,393","215,117,249",10,3,0,0,1,1,0,10,proceed,cancel,2023-12-28 23:23:17.000,2024-01-05 07:21:59.000,3,3,1,0,2,2023-12-28 22:38:58,2023,12
6,24,INC48043042,"140,946,784",105,"5,848,267,268","5,848,267,268","80,859,673","-99,999",3,3,0,0,0,0,0,9,proceed,cancel,2023-12-28 13:53:14.000,2023-12-30 11:43:30.000,3,3,1,0,2,2023-12-28 12:24:38,2023,12
6,31,INC48047041,"166,126,616",122,"6,059,124,548","6,059,124,548","79,181,792","576,164,409",10,3,0,0,1,1,0,3,proceed,cancel,2023-12-28 19:59:20.000,2024-01-05 07:21:58.000,3,3,1,0,2,2023-12-28 19:58:06,2023,12
6,24,INC48048417,"266,226,194",121,"5,802,967,307","6,867,816,743","103,830,082","569,262,527",6,3,0,1,1,1,0,12,proceed,cancel,2024-01-02 22:12:42.000,2024-01-06 07:47:27.000,3,3,1,0,2,2023-12-28 23:53:07,2023,12
6,24,INC48045482,"166,126,616",27,"6,819,139,276","5,703,040,921","52,728,392","572,494,758",6,5,0,0,1,1,0,7,proceed,cancel,2023-12-29 15:03:04.000,2024-01-06 07:41:10.000,2,2,1,0,1,2023-12-28 17:09:33,2023,12
6,31,INC48046060,"266,226,194",16,"3,790,156,078","6,817,329,706","103,830,082","569,393,051",10,3,0,0,1,1,0,9,proceed,cancel,2023-12-28 20:07:59.000,2024-01-01 07:36:38.000,3,3,1,0,2,2023-12-28 18:14:33,2023,12
6,24,INC48044884,"140,946,784",105,"5,848,267,268","5,848,267,268","61,667,736","-99,999",3,3,0,0,0,0,0,5,proceed,cancel,2023-12-28 17:23:14.000,2024-01-01 14:43:47.000,3,3,1,0,2,2023-12-28 16:10:49,2023,12
6,24,INC48047193,"166,126,616",51,"6,842,456,985","6,197,463,044","52,728,393","215,117,249",6,3,0,0,1,1,0,6,proceed,cancel,2023-12-28 23:15:24.000,2024-01-05 07:21:59.000,3,3,1,0,2,2023-12-28 20:15:53,2023,12
6,24,INC48044885,"140,946,784",105,"5,848,267,268","5,848,267,268","61,667,736","-99,999",3,3,0,0,0,0,0,5,proceed,cancel,2023-12-28 17:23:14.000,2024-01-01 14:43:44.000,3,3,1,0,2,2023-12-28 16:10:51,2023,12
6,24,INC48047647,"140,946,784",105,"5,848,267,268","5,848,267,268","76,615,600","-99,999",3,5,0,0,0,0,0,14,proceed,cancel,2023-12-28 23:53:13.000,2024-01-05 07:19:59.000,3,3,1,0,2,2023-12-28 21:11:26,2023,12
6,24,INC48047737,"166,126,616",121,"5,759,423,830","5,703,040,921","52,728,392","571,460,197",6,1,0,0,1,1,0,7,proceed,cancel,2024-01-09 19:24:33.000,2024-01-17 08:48:42.000,3,3,1,0,2,2023-12-28 21:22:19,2023,12
6,31,INC48045677,"266,226,194",122,"3,790,156,078","6,817,329,706","103,830,082","569,473,205",10,3,0,0,1,1,0,10,proceed,cancel,2023-12-28 18:05:09.000,2024-01-01 07:36:37.000,3,3,1,0,2,2023-12-28 17:31:06,2023,12
6,24,INC48011838,"266,226,194",121,"3,790,156,078","6,867,816,743","103,830,082","569,295,949",4,2,0,1,1,0,0,7,proceed,cancel,2023-12-21 18:24:29.000,2023-12-25 08:47:09.000,3,1,1,0,3,2023-12-21 16:35:01,2023,12
6,24,INC48013383,"266,226,194",121,"6,868,201,406","6,817,329,706","103,830,082","569,416,185",4,3,0,0,1,1,0,13,proceed,cancel,2023-12-21 21:35:14.000,2023-12-25 08:47:11.000,3,3,1,0,2,2023-12-21 18:25:19,2023,12
6,31,INC48011748,"166,126,616",122,"2,438,429,805","6,197,463,044","52,728,393","572,501,976",6,3,0,0,2,0,0,6,proceed,cancel,2023-12-21 22:58:24.000,2023-12-29 07:25:37.000,3,3,1,0,2,2023-12-21 16:26:46,2023,12
6,24,INC48008899,"140,946,784",105,"5,848,267,268","5,848,267,268","80,859,673","-99,999",3,3,0,0,0,0,0,24,proceed,cancel,2023-12-21 17:23:13.000,2023-12-26 16:18:00.000,3,3,1,0,2,2023-12-21 11:56:57,2023,12
6,24,INC48010556,"140,946,784",105,"5,848,267,268","5,848,267,268","80,859,673","-99,999",3,3,0,0,0,0,0,17,proceed,cancel,2023-12-21 17:23:14.000,2023-12-26 16:18:36.000,3,3,1,0,2,2023-12-21 14:56:56,2023,12
6,31,INC47872690,"166,126,616",122,"541,413","6,770,881,793","52,728,392","571,456,192",6,3,0,0,1,1,0,7,proceed,cancel,2023-12-04 20:43:59.000,2023-12-12 09:10:07.000,3,3,1,0,2,2023-12-04 20:30:27,2023,12
6,24,INC47875328,"140,946,784",105,"5,848,267,268","5,848,267,268","76,615,600","-99,999",3,3,0,0,0,0,0,8,proceed,cancel,2023-12-05 05:23:14.000,2023-12-05 11:29:41.000,3,3,1,0,2,2023-12-05 04:14:54,2023,12
6,24,INC47862177,"140,946,784",105,"5,848,267,268","5,848,267,268","80,859,673","-99,999",3,3,0,0,0,0,0,8,proceed,cancel,2023-12-03 18:53:13.000,2023-12-04 11:08:06.000,3,3,1,0,2,2023-12-03 17:25:53,2023,12
6,24,INC47862157,"140,946,784",105,"5,848,267,268","6,345,982,539","80,859,673","-99,999",3,3,0,0,0,0,0,12,proceed,cancel,2023-12-04 11:07:36.000,2023-12-04 11:07:56.000,3,3,1,0,2,2023-12-03 17:20:31,2023,12
6,24,INC47863471,"140,946,784",105,"5,848,267,268","5,848,267,268","76,615,600","-99,999",3,3,0,0,0,0,0,7,proceed,cancel,2023-12-04 04:23:13.000,2023-12-11 08:02:40.000,3,3,1,0,2,2023-12-04 03:04:21,2023,12
6,31,INC47948617,"166,126,616",16,"6,819,139,276","6,819,139,276","52,729,432","571,333,591",6,3,0,1,0,0,0,3,proceed,cancel,2023-12-13 17:03:08.000,2023-12-21 08:31:58.000,3,3,1,0,2,2023-12-13 16:59:19,2023,12
6,31,INC47948757,"166,126,616",16,"2,438,429,805","2,438,429,805","52,729,432","571,456,467",6,3,0,1,0,0,0,3,proceed,cancel,2023-12-13 17:10:45.000,2023-12-21 08:31:58.000,3,3,1,0,2,2023-12-13 17:09:27,2023,12
6,24,INC47952980,"140,946,784",105,"5,848,267,268","5,848,267,268","80,859,673","-99,999",3,3,0,0,0,0,0,49,proceed,cancel,2023-12-14 05:53:13.000,2023-12-21 07:41:15.000,3,3,1,0,2,2023-12-14 00:17:22,2023,12
6,24,INC47945173,"140,946,784",105,"5,848,267,268","5,848,267,268","80,859,673","-99,999",3,5,0,0,0,0,0,11,proceed,cancel,2023-12-13 12:23:16.000,2023-12-21 07:41:09.000,3,3,1,0,2,2023-12-13 11:18:07,2023,12
6,24,INC47952228,"166,126,616",121,"3,503,348,459","5,802,727,114","52,728,393","215,070,509",6,3,0,0,1,0,0,7,proceed,cancel,2023-12-18 02:42:16.000,2023-12-25 08:41:07.000,3,3,1,0,2,2023-12-13 22:01:04,2023,12
6,24,INC47951851,"140,946,784",105,"5,848,267,268","5,848,267,268","80,859,673","-99,999",3,3,0,0,0,0,0,9,proceed,cancel,2023-12-14 02:23:13.000,2023-12-14 02:38:16.000,3,3,1,0,2,2023-12-13 21:19:38,2023,12
6,24,INC47952569,"266,226,194",121,"5,802,967,307","6,867,816,819","103,830,082","569,272,812",6,3,0,1,1,1,0,12,proceed,cancel,2023-12-15 12:52:13.000,2023-12-19 09:01:56.000,3,3,1,0,2,2023-12-13 22:54:01,2023,12
6,24,INC47953734,"140,946,784",105,"5,848,267,268","5,848,267,268","76,615,600","-99,999",3,3,0,0,0,0,0,7,proceed,cancel,2023-12-14 08:53:13.000,2023-12-15 06:49:25.000,3,3,1,0,2,2023-12-14 05:33:07,2023,12
6,31,INC47950375,"266,226,194",122,"3,790,156,078","6,817,329,706","103,830,082","569,477,533",4,3,0,0,1,1,0,8,proceed,cancel,2023-12-13 19:25:24.000,2023-12-17 09:10:51.000,3,3,1,0,2,2023-12-13 19:19:50,2023,12
6,25,INC47950168,"266,226,194",63,"6,204,928,876","6,204,928,876","103,974,889","569,357,766",6,3,0,1,0,1,0,5,proceed,cancel,2023-12-13 19:05:46.000,2023-12-17 09:10:49.000,3,3,1,0,2,2023-12-13 19:04:34,2023,12
6,24,INC47949602,"140,946,784",105,"5,848,267,268","5,848,267,268","61,667,736","-99,999",3,5,0,0,0,0,0,6,proceed,cancel,2023-12-13 19:23:14.000,2023-12-16 07:40:01.000,3,3,1,0,2,2023-12-13 18:19:20,2023,12
6,31,INC47946401,"166,126,616",16,"5,703,037,590","5,802,727,114","52,728,393","575,972,787",10,3,0,0,1,1,0,10,proceed,cancel,2023-12-13 19:55:14.000,2023-12-21 08:31:57.000,3,3,1,0,2,2023-12-13 14:19:50,2023,12
6,31,INC47948089,"166,126,616",52,"6,286,526,609","5,703,040,921","52,728,392","576,125,164",10,3,0,0,1,0,0,8,proceed,cancel,2023-12-14 18:54:50.000,2023-12-23 07:42:20.000,3,3,1,0,2,2023-12-13 16:21:13,2023,12
6,31,INC47946219,"266,226,194",52,"6,867,816,819","6,867,816,819","103,830,082","569,450,566",7,3,0,1,1,1,0,9,proceed,cancel,2023-12-13 19:58:28.000,2023-12-17 09:10:41.000,3,3,1,0,2,2023-12-13 14:04:55,2023,12
6,31,INC47952270,"266,226,194",122,"3,790,156,078","6,817,329,706","103,830,082","569,280,921",4,3,0,0,1,1,0,10,proceed,cancel,2023-12-13 22:48:48.000,2023-12-17 09:10:53.000,3,3,1,0,2,2023-12-13 22:05:52,2023,12
6,24,INC47946575,"266,226,194",121,"6,313,447,475","6,313,447,475","103,974,889","569,276,714",6,3,0,1,0,1,0,6,proceed,cancel,2023-12-13 14:41:52.000,2023-12-17 09:10:42.000,3,3,1,0,2,2023-12-13 14:33:19,2023,12
6,24,INC47948748,"166,126,616",121,"6,348,795,674","5,703,041,013","52,728,393","575,972,787",10,3,0,0,1,1,0,11,proceed,cancel,2023-12-15 23:53:32.000,2023-12-23 07:42:20.000,3,3,1,0,2,2023-12-13 17:09:06,2023,12
6,31,INC47949190,"266,226,194",122,"3,790,156,078","6,264,845,105","103,974,889","569,288,150",10,3,0,1,0,1,0,12,proceed,cancel,2023-12-14 12:55:08.000,2023-12-18 08:52:20.000,3,3,1,0,2,2023-12-13 17:47:10,2023,12
6,24,INC47946984,"140,946,784",105,"5,848,267,268","5,848,267,268","76,615,600","-99,999",3,3,0,0,0,0,0,7,proceed,cancel,2023-12-13 18:23:14.000,2023-12-21 07:41:11.000,3,3,1,0,2,2023-12-13 15:05:16,2023,12
6,24,INC48048922,"266,226,194",121,"5,802,967,307","6,799,802,581","103,974,889","569,262,527",6,3,0,1,2,1,0,14,proceed,cancel,2023-12-30 04:31:57.000,2024-01-02 08:43:52.000,3,3,1,0,2,2023-12-29 03:57:02,2023,12
6,24,INC48044598,"166,126,616",121,"541,413","541,413","52,729,432","215,060,468",6,3,0,1,0,1,0,7,proceed,cancel,2023-12-28 16:09:13.000,2024-01-05 07:21:55.000,3,3,1,0,2,2023-12-28 15:45:19,2023,12
6,24,INC48047736,"166,126,616",121,"6,842,456,985","5,703,041,013","52,728,393","215,117,249",6,3,0,0,1,1,0,6,proceed,cancel,2023-12-29 14:48:46.000,2024-01-06 07:41:12.000,3,3,1,0,2,2023-12-28 21:22:12,2023,12
6,24,INC48044878,"140,946,784",105,"5,848,267,268","5,848,267,268","61,667,736","-99,999",3,3,0,0,0,0,0,5,proceed,cancel,2023-12-28 17:23:14.000,2024-01-01 14:43:43.000,3,3,1,0,2,2023-12-28 16:10:37,2023,12
6,24,INC48048907,"140,946,784",105,"5,848,267,268","5,848,267,268","80,859,673","-99,999",3,5,0,0,0,0,0,9,proceed,cancel,2023-12-29 04:53:13.000,2023-12-30 11:23:05.000,3,3,1,0,2,2023-12-29 03:43:46,2023,12
6,31,INC48039012,"266,226,194",122,"3,790,156,078","6,817,328,029","103,830,082","569,386,128",10,3,0,1,1,1,0,16,proceed,cancel,2024-01-02 15:36:45.000,2024-01-06 07:47:24.000,3,3,1,0,2,2023-12-27 18:02:39,2023,12
6,24,INC48048880,"166,126,616",121,"5,759,423,830","5,703,041,143","87,971,197","214,635,102",6,3,0,0,1,1,0,5,proceed,cancel,2024-01-05 16:14:35.000,2024-01-13 08:00:01.000,2,3,1,0,2,2023-12-29 03:20:13,2023,12
6,24,INC48043595,"266,226,194",121,"6,264,845,105","6,264,845,105","103,974,889","569,465,840",6,3,0,1,0,1,0,27,proceed,cancel,2024-01-02 12:20:56.000,2024-01-06 07:47:26.000,3,3,1,1,2,2023-12-28 14:00:30,2023,12
6,31,INC48041267,"166,126,616",52,"6,278,127,650","5,703,040,921","67,354,644","-99,999",10,3,0,0,2,0,0,5,proceed,cancel,2024-01-31 18:38:49.000,2024-02-08 08:33:53.000,3,3,1,0,2,2023-12-27 22:28:50,2023,12
6,24,INC48047811,"166,126,616",121,"6,842,456,985","6,842,456,985","52,729,432","215,157,250",6,3,0,1,0,0,0,3,proceed,cancel,2023-12-28 21:48:24.000,2024-01-05 07:21:59.000,3,3,1,0,2,2023-12-28 21:35:23,2023,12
6,31,INC48047977,"166,126,616",52,"5,703,040,414","5,703,040,921","52,728,392","591,460,505",10,3,0,0,1,1,0,4,proceed,cancel,2023-12-29 13:22:21.000,2024-01-06 07:41:12.000,3,3,1,0,2,2023-12-28 22:02:29,2023,12
6,24,INC48044887,"140,946,784",105,"5,848,267,268","5,848,267,268","61,667,736","-99,999",3,3,0,0,0,0,0,5,proceed,cancel,2023-12-28 17:23:14.000,2024-01-01 14:43:45.000,3,3,1,0,2,2023-12-28 16:10:54,2023,12
6,24,INC48043068,"266,226,194",121,"6,200,018,870","6,200,018,870","103,974,889","569,276,714",6,3,0,1,0,1,0,6,proceed,cancel,2023-12-28 12:41:39.000,2024-01-01 07:36:34.000,3,3,1,0,2,2023-12-28 12:31:15,2023,12
6,24,INC48040796,"140,946,784",105,"5,848,267,268","5,848,267,268","76,615,600","-99,999",3,3,0,0,0,0,0,13,proceed,cancel,2023-12-28 22:23:13.000,2024-01-05 07:19:55.000,3,3,1,0,2,2023-12-27 21:13:06,2023,12
6,25,INC48039750,"266,226,194",63,"6,204,928,876","6,204,928,876","103,974,889","569,357,766",6,3,0,1,0,1,0,5,proceed,cancel,2023-12-27 19:13:25.000,2023-12-31 07:32:30.000,3,3,1,0,2,2023-12-27 19:11:32,2023,12
6,24,INC48047680,"166,126,616",121,"5,759,423,830","5,703,040,921","52,728,392","572,556,054",6,5,0,0,1,0,0,6,proceed,cancel,2023-12-29 19:08:35.000,2024-01-06 07:41:11.000,2,3,1,0,2,2023-12-28 21:14:53,2023,12
6,24,INC48035287,"140,946,784",105,"5,848,267,268","5,848,267,268","76,615,600","-99,999",3,3,0,0,0,0,0,8,proceed,cancel,2023-12-27 10:53:14.000,2023-12-28 04:32:26.000,3,3,1,0,2,2023-12-27 09:17:54,2023,12
6,24,INC48035332,"140,946,784",105,"5,848,267,268","5,848,267,268","76,615,600","-99,999",3,5,0,0,0,0,0,9,proceed,cancel,2023-12-27 11:23:13.000,2023-12-28 04:32:44.000,3,3,1,0,2,2023-12-27 09:36:37,2023,12
6,24,INC48043016,"266,226,194",121,"6,264,845,105","6,264,845,105","103,974,889","569,465,840",6,3,0,1,0,1,0,7,proceed,cancel,2023-12-28 12:27:38.000,2024-01-01 07:36:34.000,3,3,1,0,2,2023-12-28 12:18:52,2023,12
6,31,INC48043422,"266,226,194",16,"5,793,903,899","6,838,119,269","103,974,889","569,280,921",6,3,0,1,0,1,0,22,proceed,cancel,2024-01-04 16:52:44.000,2024-01-08 09:13:31.000,3,3,1,0,2,2023-12-28 13:33:39,2023,12
6,31,INC47979946,"266,226,194",122,"6,304,994,586","6,304,994,586","103,974,889","569,280,921",6,3,0,1,0,1,0,5,proceed,cancel,2023-12-18 11:01:20.000,2023-12-22 08:01:48.000,3,3,1,0,2,2023-12-18 11:00:27,2023,12
6,24,INC47985036,"266,226,194",121,"6,313,447,475","6,313,447,475","103,974,889","569,435,003",6,3,0,1,0,1,0,12,proceed,cancel,2023-12-18 18:07:29.000,2023-12-25 08:47:01.000,3,3,1,0,2,2023-12-18 17:41:58,2023,12
6,31,INC47983503,"266,226,194",52,"6,867,816,819","6,867,816,819","103,830,082","569,411,670",7,3,0,1,1,1,0,9,proceed,cancel,2023-12-19 15:26:38.000,2023-12-23 07:50:16.000,3,3,1,0,2,2023-12-18 16:14:07,2023,12
6,24,INC47982601,"266,226,194",121,"6,313,447,475","6,867,816,819","103,830,082","569,435,003",6,3,0,1,1,1,0,20,proceed,cancel,2023-12-18 17:13:48.000,2023-12-22 08:01:53.000,3,3,1,0,2,2023-12-18 15:20:01,2023,12
6,24,INC47989860,"140,946,784",105,"5,848,267,268","5,848,267,268","76,615,600","-99,999",3,5,0,0,0,0,0,7,proceed,cancel,2023-12-19 06:23:13.000,2023-12-26 16:17:52.000,3,3,1,0,2,2023-12-19 05:11:14,2023,12
6,24,INC47981572,"266,226,194",51,"6,264,845,105","6,867,816,819","103,830,082","569,477,533",6,2,0,1,1,1,0,12,proceed,cancel,2023-12-18 16:35:44.000,2023-12-22 08:01:51.000,3,1,1,0,3,2023-12-18 14:17:12,2023,12
6,31,INC47987153,"266,226,194",122,"6,313,447,475","6,867,816,819","103,830,082","569,354,765",6,3,0,1,1,0,0,10,proceed,cancel,2023-12-19 18:01:13.000,2023-12-23 07:50:18.000,3,3,1,0,2,2023-12-18 20:14:48,2023,12
6,25,INC47986338,"266,226,194",63,"6,834,980,106","6,247,695,725","103,974,889","569,262,527",2,3,0,1,0,1,0,9,proceed,cancel,2023-12-18 19:30:00.000,2023-12-22 08:01:56.000,3,3,1,0,2,2023-12-18 19:15:09,2023,12
6,24,INC47987423,"166,126,616",121,"5,945,227,918","6,016,140,447","52,728,392","571,456,192",10,3,0,0,1,1,0,8,proceed,cancel,2023-12-19 13:07:51.000,2023-12-27 08:24:38.000,3,3,1,0,2,2023-12-18 20:31:47,2023,12
6,24,INC47988389,"140,946,784",105,"5,848,267,268","5,848,267,268","80,859,673","-99,999",3,3,0,0,0,0,0,101,proceed,cancel,2023-12-19 10:23:13.000,2023-12-26 16:18:22.000,3,3,1,0,2,2023-12-18 21:56:09,2023,12
6,24,INC47989311,"140,946,784",105,"5,848,267,268","5,848,267,268","76,615,600","-99,999",3,5,0,0,0,0,0,8,proceed,cancel,2023-12-19 21:23:15.000,2023-12-27 07:44:36.000,3,3,1,0,2,2023-12-19 00:55:14,2023,12
6,24,INC47987041,"166,126,616",51,"5,703,040,211","5,703,040,921","67,354,644","-99,999",10,3,0,0,2,0,0,4,proceed,cancel,2024-01-19 18:18:25.000,2024-01-27 07:46:20.000,3,3,1,0,2,2023-12-18 20:05:54,2023,12
6,24,INC47980065,"140,946,784",105,"5,848,267,268","5,848,267,268","80,859,673","-99,999",3,3,0,0,0,0,0,"4,557",proceed,cancel,2024-01-10 11:42:43.000,2024-01-18 08:14:08.000,3,3,1,0,2,2023-12-18 11:36:47,2023,12
6,24,INC47984377,"140,946,784",105,"5,848,267,268","5,848,267,268","80,859,673","-99,999",3,3,0,0,0,0,0,8,proceed,cancel,2023-12-18 19:53:13.000,2023-12-26 08:08:25.000,3,3,1,0,2,2023-12-18 17:03:45,2023,12
6,24,INC47989323,"140,946,784",105,"5,848,267,268","6,293,179,578","76,615,600","-99,999",3,3,0,0,0,0,0,15,proceed,cancel,2023-12-19 02:44:12.000,2023-12-19 02:44:24.000,3,3,1,0,2,2023-12-19 00:59:24,2023,12
6,24,INC47981188,"266,226,194",121,"3,790,156,078","6,817,328,029","103,830,082","569,255,282",10,3,0,1,1,0,0,17,proceed,cancel,2023-12-19 19:26:13.000,2023-12-23 07:50:14.000,3,3,1,0,2,2023-12-18 13:51:42,2023,12
6,31,INC47981807,"266,226,194",122,"6,867,816,819","6,867,816,819","103,830,082","569,354,765",7,3,0,0,1,0,0,8,proceed,cancel,2023-12-18 15:11:53.000,2023-12-22 08:01:52.000,3,3,1,0,2,2023-12-18 14:31:57,2023,12
6,31,INC47982808,"166,126,616",122,"6,779,531,066","5,703,040,455","52,728,392","572,586,777",10,3,0,0,1,0,0,7,proceed,cancel,2024-01-08 18:17:19.000,2024-01-16 09:06:48.000,3,3,1,0,2,2023-12-18 15:30:17,2023,12
6,24,INC47989299,"140,946,784",105,"5,848,267,268","5,848,267,268","61,667,736","-99,999",3,3,0,0,0,0,0,9,proceed,cancel,2023-12-19 17:53:14.000,2023-12-27 07:44:35.000,3,3,1,0,2,2023-12-19 00:51:15,2023,12
6,24,INC47981378,"266,226,194",121,"6,264,845,105","6,264,845,105","103,974,889","569,465,840",6,3,0,1,0,1,0,7,proceed,cancel,2023-12-18 14:15:05.000,2023-12-22 08:01:51.000,3,3,1,0,2,2023-12-18 14:05:52,2023,12
6,24,INC47988302,"140,946,784",105,"5,848,267,268","5,848,267,268","76,615,600","-99,999",3,3,0,0,0,0,0,8,proceed,cancel,2023-12-23 03:53:13.000,2023-12-30 07:29:09.000,3,3,1,0,2,2023-12-18 21:48:36,2023,12
6,31,INC47989777,"140,946,784",16,"5,916,170,592","6,293,179,578","76,615,600","-99,999",10,3,0,0,3,0,0,25,proceed,cancel,2023-12-21 05:08:37.000,2023-12-21 05:14:28.000,3,3,1,0,2,2023-12-19 04:15:40,2023,12
6,24,INC47986411,"140,946,784",105,"5,848,267,268","5,848,267,268","80,859,673","-99,999",3,5,0,0,0,0,0,11,proceed,cancel,2023-12-18 20:23:14.000,2023-12-26 08:08:28.000,3,3,1,0,2,2023-12-18 19:21:26,2023,12
6,31,INC47988021,"266,226,194",16,"5,802,967,307","5,802,967,307","103,974,889","569,462,314",6,3,0,1,0,1,0,4,proceed,cancel,2023-12-18 21:25:28.000,2023-12-22 08:01:56.000,3,3,1,0,2,2023-12-18 21:22:30,2023,12
6,31,INC47982834,"166,126,616",122,"5,981,059,438","5,703,040,921","52,728,392","571,323,435",10,3,0,0,1,1,0,7,proceed,cancel,2023-12-18 16:58:36.000,2023-12-26 08:58:08.000,3,3,1,0,2,2023-12-18 15:31:49,2023,12
6,25,INC47988042,"166,126,616",63,"6,343,571,534","6,343,571,534","52,729,432","215,167,115",6,3,0,1,0,1,0,3,proceed,cancel,2023-12-18 21:27:50.000,2023-12-26 08:58:10.000,3,3,1,0,2,2023-12-18 21:24:19,2023,12
6,24,INC47981218,"140,946,784",105,"5,848,267,268","6,293,179,578","76,615,600","-99,999",3,3,0,0,0,0,0,7,proceed,cancel,2023-12-21 06:10:48.000,2023-12-21 06:11:24.000,3,3,1,0,2,2023-12-18 13:54:35,2023,12
6,24,INC47983585,"266,226,194",121,"6,817,332,853","6,817,332,853","103,830,082","569,362,801",4,3,0,0,1,1,0,8,proceed,cancel,2023-12-18 16:46:48.000,2023-12-18 16:46:48.000,3,3,1,0,2,2023-12-18 16:18:27,2023,12
6,24,INC47980068,"140,946,784",105,"5,848,267,268","5,848,267,268","76,615,600","-99,999",3,3,0,0,0,0,0,7,proceed,cancel,2023-12-18 13:23:14.000,2023-12-26 08:08:22.000,3,3,1,0,2,2023-12-18 11:37:27,2023,12
6,31,INC47984925,"266,226,194",16,"3,790,156,078","6,838,119,269","103,974,889","569,255,282",10,3,0,1,0,0,0,24,proceed,cancel,2023-12-29 16:53:40.000,2024-01-02 08:43:48.000,3,3,1,0,2,2023-12-18 17:34:34,2023,12
6,24,INC47989982,"140,946,784",105,"5,848,267,268","5,848,267,268","80,859,673","-99,999",3,5,0,0,0,0,0,9,proceed,cancel,2023-12-19 20:23:14.000,2023-12-22 12:51:01.000,3,3,1,0,2,2023-12-19 06:46:37,2023,12
6,31,INC47862577,"166,126,616",16,"6,815,662,026","3,503,348,459","52,729,432","572,571,699",10,3,0,1,0,1,0,4,proceed,cancel,2023-12-03 20:28:21.000,2023-12-11 09:02:29.000,3,3,1,0,2,2023-12-03 19:53:48,2023,12
6,31,INC47915128,"166,126,616",122,"6,278,127,664","5,703,040,921","52,728,392","215,090,644",10,3,0,0,1,0,0,10,proceed,cancel,2023-12-29 18:08:16.000,2024-01-06 07:41:06.000,3,3,1,0,2,2023-12-08 21:11:33,2023,12
6,24,INC47908038,"140,946,784",105,"5,848,267,268","5,848,267,268","76,615,600","-99,999",3,5,0,0,0,0,0,13,proceed,cancel,2023-12-08 12:53:14.000,2023-12-16 07:45:04.000,3,3,1,0,2,2023-12-08 11:24:56,2023,12
6,24,INC47914133,"140,946,784",105,"5,848,267,268","5,848,267,268","76,615,600","-99,999",3,3,0,0,0,0,0,7,proceed,cancel,2023-12-08 21:23:14.000,2023-12-16 07:45:07.000,3,3,1,0,2,2023-12-08 19:35:39,2023,12
6,31,INC47912330,"166,126,616",122,"5,936,352,761","5,802,727,114","52,728,393","215,117,249",10,3,0,0,1,1,0,5,proceed,cancel,2023-12-08 22:33:22.000,2023-12-16 07:52:10.000,3,3,1,0,2,2023-12-08 17:11:27,2023,12
6,24,INC47911629,"266,226,194",121,"6,838,119,269","6,817,329,706","103,830,082","569,246,095",2,3,0,0,1,1,0,15,proceed,cancel,2023-12-11 23:42:57.000,2023-12-15 07:59:18.000,3,3,1,0,2,2023-12-08 16:19:44,2023,12
6,24,INC47916505,"166,126,616",121,"6,059,124,585","5,703,041,143","87,971,197","214,635,102",10,3,0,0,1,1,0,6,proceed,cancel,2024-01-05 16:02:43.000,2024-01-13 07:59:57.000,3,3,1,0,2,2023-12-09 03:59:56,2023,12
6,24,INC47914696,"266,226,194",121,"6,799,802,581","6,799,802,581","103,974,889","569,280,921",6,3,0,1,0,1,0,5,proceed,cancel,2023-12-08 20:26:48.000,2023-12-12 09:21:21.000,3,3,1,0,2,2023-12-08 20:20:30,2023,12
6,31,INC47913024,"166,126,616",122,"2,438,429,805","6,770,881,793","52,728,392","561,183,411",6,3,0,0,1,1,0,4,proceed,cancel,2023-12-08 18:23:35.000,2023-12-16 07:52:10.000,3,3,1,0,2,2023-12-08 17:55:49,2023,12
6,24,INC47910783,"266,226,194",121,"6,838,119,269","6,838,119,269","103,974,889","569,339,437",6,3,0,1,0,1,0,5,proceed,cancel,2023-12-08 15:23:18.000,2023-12-12 09:21:19.000,3,3,1,0,2,2023-12-08 15:18:23,2023,12
6,24,INC47916574,"140,946,784",105,"5,848,267,268","5,848,267,268","76,615,600","-99,999",3,5,0,0,0,0,0,7,proceed,cancel,2023-12-09 20:23:14.000,2023-12-14 07:12:51.000,3,3,1,0,2,2023-12-09 04:57:52,2023,12
6,24,INC47916573,"140,946,784",105,"5,848,267,268","5,848,267,268","76,615,600","-99,999",3,3,0,0,0,0,0,7,proceed,cancel,2023-12-09 20:23:13.000,2023-12-14 07:12:48.000,3,3,1,0,2,2023-12-09 04:57:48,2023,12
6,24,INC47906460,"140,946,784",105,"5,848,267,268","5,848,267,268","76,615,600","-99,999",3,3,0,0,0,0,0,14,proceed,cancel,2023-12-08 08:23:14.000,2023-12-16 07:45:01.000,3,3,1,0,2,2023-12-08 07:04:35,2023,12
6,24,INC47916622,"140,946,784",105,"5,848,267,268","5,848,267,268","76,615,600","-99,999",3,3,0,0,0,0,0,9,proceed,cancel,2023-12-09 07:23:13.000,2023-12-14 07:12:47.000,3,3,1,0,2,2023-12-09 05:23:05,2023,12
6,24,INC47916507,"140,946,784",105,"5,848,267,268","5,848,267,268","80,859,673","-99,999",3,3,0,0,0,0,0,11,proceed,cancel,2023-12-09 05:53:13.000,2023-12-16 07:45:11.000,3,3,1,0,2,2023-12-09 04:00:08,2023,12
6,31,INC47915855,"266,226,194",122,"3,790,156,078","6,817,329,706","103,830,082","569,280,964",4,3,0,0,1,1,0,11,proceed,cancel,2023-12-14 16:12:08.000,2023-12-18 08:52:15.000,3,3,1,0,2,2023-12-08 23:24:40,2023,12
6,24,INC47911058,"266,226,194",121,"6,264,845,105","6,264,845,105","103,974,889","569,463,306",6,3,0,1,2,1,0,38,proceed,cancel,2023-12-18 12:37:51.000,2023-12-22 08:01:33.000,3,3,1,0,2,2023-12-08 15:41:12,2023,12
6,24,INC47907826,"266,226,194",121,"6,200,018,870","6,200,018,870","103,974,889","569,276,714",6,3,0,1,0,1,0,8,proceed,cancel,2023-12-08 11:59:19.000,2023-12-12 09:21:16.000,3,3,1,0,2,2023-12-08 11:08:02,2023,12
6,25,INC47915615,"166,126,616",63,"5,802,727,114","6,842,456,985","52,729,432","571,423,726",10,3,0,1,0,1,0,6,proceed,cancel,2023-12-08 22:51:02.000,2023-12-16 07:52:13.000,3,3,1,0,2,2023-12-08 22:22:25,2023,12
6,24,INC47910059,"140,946,784",105,"5,848,267,268","5,848,267,268","61,667,736","-99,999",3,5,0,0,0,0,0,13,proceed,cancel,2023-12-08 15:23:13.000,2023-12-16 07:45:05.000,3,3,1,0,2,2023-12-08 14:15:57,2023,12
6,24,INC47916615,"140,946,784",105,"5,848,267,268","5,848,267,268","76,615,600","-99,999",3,3,0,0,0,0,0,7,proceed,cancel,2023-12-09 06:53:13.000,2023-12-17 07:56:31.000,3,3,1,0,2,2023-12-09 05:20:38,2023,12
6,24,INC47911937,"266,226,194",121,"6,313,447,475","6,867,816,743","103,830,082","569,280,921",6,3,0,1,1,1,0,28,proceed,cancel,2023-12-14 14:04:16.000,2023-12-18 08:52:14.000,3,3,1,1,2,2023-12-08 16:41:19,2023,12
6,24,INC47906611,"140,946,784",105,"5,848,267,268","5,848,267,268","80,859,673","-99,999",3,3,0,0,0,0,0,7,proceed,cancel,2023-12-08 11:53:13.000,2023-12-16 07:45:03.000,3,3,1,0,2,2023-12-08 09:00:09,2023,12
6,24,INC47916486,"140,946,784",105,"5,848,267,268","5,848,267,268","76,615,600","-99,999",3,3,0,0,0,0,0,7,proceed,cancel,2023-12-09 05:23:13.000,2023-12-16 07:45:11.000,3,3,1,0,2,2023-12-09 03:48:29,2023,12
6,24,INC47906572,"140,946,784",105,"5,848,267,268","5,848,267,268","76,615,600","-99,999",3,3,0,0,0,0,0,32,proceed,cancel,2023-12-11 04:53:13.000,2023-12-18 08:00:01.000,3,3,1,0,2,2023-12-08 08:39:36,2023,12
6,24,INC47916662,"140,946,784",105,"5,848,267,268","5,848,267,268","76,615,600","-99,999",3,5,0,0,0,0,0,15,proceed,cancel,2023-12-09 20:53:14.000,2023-12-14 07:12:50.000,3,3,1,0,2,2023-12-09 06:10:08,2023,12
6,24,INC47906561,"140,946,784",105,"5,848,267,268","5,848,267,268","76,615,600","-99,999",3,3,0,0,0,0,0,27,proceed,cancel,2023-12-11 04:53:13.000,2023-12-18 07:59:59.000,3,3,1,0,2,2023-12-08 08:31:47,2023,12
6,24,INC47915962,"140,946,784",105,"5,848,267,268","5,848,267,268","80,859,673","-99,999",3,3,0,0,0,0,0,7,proceed,cancel,2023-12-09 01:53:13.000,2023-12-16 07:45:08.000,3,3,1,0,2,2023-12-08 23:52:11,2023,12
6,24,INC47916623,"140,946,784",105,"5,848,267,268","5,848,267,268","76,615,600","-99,999",3,3,0,0,0,0,0,8,proceed,cancel,2023-12-09 07:23:13.000,2023-12-14 07:12:56.000,3,3,1,0,2,2023-12-09 05:23:07,2023,12
6,24,INC47856444,"140,946,784",105,"5,848,267,268","6,345,982,539","61,667,736","-99,999",3,3,0,0,0,0,0,10,proceed,cancel,2023-12-03 14:48:22.000,2023-12-03 14:49:48.000,3,3,1,0,2,2023-12-01 22:44:27,2023,12
6,24,INC47934272,"140,946,784",105,"5,848,267,268","5,848,267,268","76,615,600","-99,999",3,3,0,0,0,0,0,8,proceed,cancel,2023-12-12 08:23:14.000,2023-12-19 03:33:52.000,3,3,1,0,2,2023-12-12 07:14:27,2023,12
6,24,INC48046198,"166,126,616",121,"6,853,836,737","6,853,836,737","52,729,432","561,214,205",6,3,0,1,0,1,0,4,proceed,cancel,2023-12-28 18:29:16.000,2024-01-05 07:21:57.000,3,3,1,0,2,2023-12-28 18:26:54,2023,12
6,24,INC48040150,"266,226,194",121,"6,204,928,876","6,817,331,932","103,830,084","569,327,093",6,3,0,1,1,1,0,12,proceed,cancel,2024-01-02 15:27:09.000,2024-01-06 07:47:25.000,3,3,1,0,2,2023-12-27 19:58:21,2023,12
6,24,INC48041960,"140,946,784",105,"5,848,267,268","5,848,267,268","80,859,673","-99,999",3,3,0,0,0,0,0,7,proceed,cancel,2023-12-28 22:23:13.000,2024-01-04 12:37:28.000,3,3,1,0,2,2023-12-28 01:19:16,2023,12
6,24,INC48036858,"266,226,194",121,"6,264,845,105","6,264,845,105","103,974,889","569,381,099",6,3,0,1,0,1,0,6,proceed,cancel,2023-12-27 14:59:54.000,2023-12-31 07:32:24.000,3,3,1,0,2,2023-12-27 14:48:35,2023,12
6,31,INC48035562,"166,126,616",122,"5,936,352,761","6,059,124,548","79,181,792","576,164,409",10,3,0,0,1,1,0,7,proceed,cancel,2023-12-27 15:04:50.000,2024-01-04 07:46:35.000,3,3,1,0,2,2023-12-27 12:06:19,2023,12
6,24,INC48041982,"166,126,616",121,"6,863,763,519","5,703,041,013","52,728,393","215,070,509",10,3,0,0,1,0,0,8,proceed,cancel,2023-12-28 01:56:28.000,2024-01-04 07:46:37.000,3,3,1,0,2,2023-12-28 01:29:49,2023,12
6,24,INC48039660,"266,226,194",121,"6,247,695,725","6,817,329,420","103,830,082","569,373,276",2,3,0,0,1,1,0,24,proceed,cancel,2024-01-03 19:56:35.000,2024-01-03 19:56:42.000,3,3,1,0,2,2023-12-27 19:04:13,2023,12
6,24,INC48035297,"140,946,784",105,"5,848,267,268","5,848,267,268","76,615,600","-99,999",3,3,0,0,0,0,0,10,proceed,cancel,2023-12-27 10:53:14.000,2023-12-28 04:32:31.000,3,3,1,0,2,2023-12-27 09:22:56,2023,12
6,24,INC48035308,"140,946,784",105,"5,848,267,268","5,848,267,268","76,615,600","-99,999",3,3,0,0,0,0,0,10,proceed,cancel,2023-12-27 10:53:14.000,2023-12-28 04:32:25.000,3,3,1,0,2,2023-12-27 09:26:34,2023,12
6,24,INC48036384,"266,226,194",51,"6,264,845,105","6,867,816,819","103,830,082","569,316,741",6,3,0,0,1,1,0,14,proceed,cancel,2024-01-04 14:43:09.000,2024-01-08 09:13:29.000,3,3,1,0,2,2023-12-27 14:08:43,2023,12
6,31,INC48042051,"166,126,616",16,"3,503,348,459","3,503,348,459","52,729,432","571,333,591",6,3,0,1,0,0,0,4,proceed,cancel,2023-12-28 04:43:56.000,2024-01-04 07:46:37.000,3,3,1,0,2,2023-12-28 02:01:18,2023,12
6,31,INC48039175,"140,946,784",16,"6,230,797,880","6,293,179,578","80,859,673","-99,999",10,3,0,0,5,0,0,19,proceed,cancel,2024-01-04 12:36:38.000,2024-01-04 12:37:04.000,3,3,1,0,2,2023-12-27 18:21:43,2023,12
6,24,INC48035292,"140,946,784",105,"5,848,267,268","5,848,267,268","76,615,600","-99,999",3,3,0,0,0,0,0,10,proceed,cancel,2023-12-27 10:53:13.000,2023-12-28 04:32:42.000,3,3,1,0,2,2023-12-27 09:21:43,2023,12
6,24,INC48035632,"266,226,194",121,"6,264,845,105","6,817,328,029","103,830,082","569,316,741",6,3,0,1,1,1,0,13,proceed,cancel,2023-12-27 12:59:29.000,2023-12-31 07:32:21.000,3,3,1,0,2,2023-12-27 12:21:11,2023,12
6,31,INC48041247,"166,126,616",122,"3,503,348,459","6,197,463,044","52,728,393","215,117,249",6,3,0,0,1,1,0,6,proceed,cancel,2023-12-28 16:06:38.000,2024-01-05 07:21:55.000,3,3,1,0,2,2023-12-27 22:24:35,2023,12
6,24,INC48035291,"140,946,784",105,"5,848,267,268","5,848,267,268","76,615,600","-99,999",3,5,0,0,0,0,0,10,proceed,cancel,2023-12-27 10:53:14.000,2023-12-28 04:32:39.000,3,3,1,0,2,2023-12-27 09:21:33,2023,12
6,24,INC48035300,"140,946,784",105,"5,848,267,268","5,848,267,268","76,615,600","-99,999",3,3,0,0,0,0,0,10,proceed,cancel,2023-12-27 10:53:14.000,2023-12-28 04:32:43.000,3,3,1,0,2,2023-12-27 09:24:03,2023,12
6,24,INC48035274,"140,946,784",105,"5,848,267,268","5,848,267,268","76,615,600","-99,999",3,3,0,0,0,0,0,8,proceed,cancel,2023-12-27 10:53:13.000,2023-12-28 04:32:30.000,3,3,1,0,2,2023-12-27 09:14:43,2023,12
6,24,INC47863193,"266,226,194",121,"6,352,927,241","6,313,447,475","103,974,889","569,261,971",6,3,0,1,0,1,0,10,proceed,cancel,2023-12-04 19:23:00.000,2023-12-08 08:02:53.000,3,3,1,0,2,2023-12-04 00:16:52,2023,12
6,24,INC47972988,"140,946,784",105,"5,848,267,268","5,848,267,268","76,615,600","-99,999",3,3,0,0,0,0,0,7,proceed,cancel,2023-12-16 16:53:13.000,2023-12-24 07:56:29.000,3,3,1,0,2,2023-12-16 15:20:16,2023,12
6,24,INC47973830,"166,126,616",121,"6,816,701,351","5,703,041,143","87,971,197","215,137,248",2,3,0,0,1,0,0,9,proceed,cancel,2024-01-25 17:44:04.000,2024-02-02 07:51:33.000,3,3,1,0,2,2023-12-16 19:46:27,2023,12
6,24,INC47973337,"166,126,616",121,"5,703,041,224","6,016,140,447","52,728,392","414,111,943",10,3,0,0,1,1,0,11,proceed,cancel,2023-12-16 21:16:46.000,2023-12-24 08:46:34.000,3,3,1,0,2,2023-12-16 17:21:56,2023,12
6,24,INC47972394,"266,226,194",121,"6,304,994,586","6,304,994,586","103,974,889","569,327,093",6,3,0,1,0,1,0,8,proceed,cancel,2023-12-16 11:17:17.000,2023-12-20 08:38:28.000,3,3,1,0,2,2023-12-16 11:00:29,2023,12
6,24,INC47972292,"140,946,784",105,"5,848,267,268","5,848,267,268","80,859,673","-99,999",3,3,0,0,0,0,0,6,proceed,cancel,2023-12-16 10:53:13.000,2023-12-24 07:56:27.000,3,3,1,0,2,2023-12-16 09:42:42,2023,12
6,24,INC47974482,"166,126,616",121,"6,842,456,985","5,802,727,114","52,728,393","215,117,249",6,3,0,0,1,1,0,8,proceed,cancel,2023-12-18 02:38:20.000,2023-12-25 08:41:08.000,3,3,1,0,2,2023-12-17 00:30:03,2023,12
6,24,INC47974077,"140,946,784",105,"5,848,267,268","5,848,267,268","80,859,673","-99,999",3,5,0,0,0,0,0,7,proceed,cancel,2023-12-17 02:23:13.000,2023-12-24 07:56:31.000,3,3,1,0,2,2023-12-16 21:20:27,2023,12
6,24,INC47972512,"266,226,194",121,"6,304,994,586","6,304,994,586","103,974,889","569,262,527",6,3,0,1,0,1,0,5,proceed,cancel,2023-12-16 12:14:41.000,2023-12-20 08:38:29.000,3,3,1,0,2,2023-12-16 12:10:52,2023,12
6,24,INC47975904,"140,946,784",105,"5,848,267,268","5,916,170,592","76,615,600","-99,999",3,3,0,0,0,0,0,5,proceed,cancel,2023-12-19 03:50:38.000,2023-12-19 03:54:28.000,3,3,1,0,2,2023-12-17 04:57:45,2023,12
6,24,INC47972903,"266,226,194",121,"6,224,887,111","6,867,816,819","103,830,082","569,276,714",6,3,0,0,1,1,0,12,proceed,cancel,2023-12-18 15:09:57.000,2023-12-22 08:01:44.000,3,3,1,0,2,2023-12-16 14:55:12,2023,12
6,31,INC47975718,"166,126,616",122,"6,842,456,985","6,016,140,447","52,728,392","571,456,192",6,3,0,0,1,1,0,6,proceed,cancel,2023-12-18 01:58:23.000,2023-12-25 08:41:09.000,3,3,1,0,2,2023-12-17 03:43:41,2023,12
6,31,INC47973325,"166,126,616",16,"6,283,295,059","6,842,456,985","52,729,432","571,456,467",6,3,0,1,2,0,0,17,proceed,cancel,2024-01-05 01:20:39.000,2024-01-12 08:00:43.000,3,3,1,0,2,2023-12-16 17:17:59,2023,12
6,24,INC47976175,"140,946,784",105,"5,848,267,268","5,848,267,268","76,615,600","-99,999",3,3,0,0,0,0,0,7,proceed,cancel,2023-12-17 10:53:14.000,2023-12-25 07:52:32.000,3,3,1,0,2,2023-12-17 09:22:16,2023,12
6,24,INC47977233,"166,126,616",121,"6,863,186,660","6,863,186,660","52,728,392","571,263,657",6,3,0,0,1,0,0,15,proceed,cancel,2023-12-21 18:53:43.000,2023-12-21 18:53:43.000,3,3,1,0,2,2023-12-17 18:23:19,2023,12
6,24,INC47976257,"140,946,784",105,"5,848,267,268","6,293,179,578","76,615,600","-99,999",3,3,0,0,0,0,0,7,proceed,cancel,2023-12-21 06:10:47.000,2023-12-21 06:11:20.000,3,3,1,0,2,2023-12-17 10:35:12,2023,12
6,24,INC47978893,"140,946,784",105,"5,848,267,268","5,848,267,268","80,859,673","-99,999",3,3,0,0,0,0,0,37,proceed,cancel,2023-12-18 09:53:13.000,2023-12-26 08:08:17.000,3,3,1,0,2,2023-12-18 05:31:48,2023,12
6,24,INC47976300,"140,946,784",105,"5,848,267,268","6,293,179,578","76,615,600","-99,999",3,3,0,0,0,0,0,7,proceed,cancel,2023-12-21 06:10:48.000,2023-12-21 06:11:29.000,3,3,1,0,2,2023-12-17 11:04:07,2023,12
6,24,INC47978892,"140,946,784",105,"5,848,267,268","5,848,267,268","80,859,673","-99,999",3,3,0,0,0,0,0,21,proceed,cancel,2023-12-18 07:53:13.000,2023-12-26 08:08:16.000,3,3,1,0,2,2023-12-18 05:31:46,2023,12
6,24,INC47977155,"140,946,784",105,"5,848,267,268","5,848,267,268","80,859,673","-99,999",3,5,0,0,0,0,0,10,proceed,cancel,2023-12-18 07:53:13.000,2023-12-26 08:08:13.000,3,3,1,0,2,2023-12-17 17:56:51,2023,12
6,25,INC47977102,"266,226,194",63,"6,204,928,876","6,204,928,876","103,974,889","569,357,766",6,3,0,1,0,1,0,5,proceed,cancel,2023-12-17 17:48:59.000,2023-12-21 08:42:35.000,3,3,1,0,2,2023-12-17 17:38:40,2023,12
6,24,INC47976276,"140,946,784",105,"5,848,267,268","5,848,267,268","76,615,600","-99,999",3,5,0,0,0,0,0,12,proceed,cancel,2023-12-17 12:23:14.000,2023-12-25 07:52:33.000,3,3,1,0,2,2023-12-17 10:49:55,2023,12
6,24,INC47972737,"140,946,784",105,"5,848,267,268","5,848,267,268","76,615,600","-99,999",3,3,0,0,0,0,0,7,proceed,cancel,2023-12-16 15:23:14.000,2023-12-24 07:56:29.000,3,3,1,0,2,2023-12-16 13:50:54,2023,12
6,24,INC47978660,"166,126,616",121,"5,767,482,911","5,703,041,143","87,971,197","214,635,102",10,4,0,0,1,1,0,8,proceed,cancel,2024-01-05 19:33:34.000,2024-01-13 07:59:59.000,3,3,1,0,2,2023-12-18 04:25:19,2023,12
6,24,INC47976826,"140,946,784",105,"5,848,267,268","5,848,267,268","76,615,600","-99,999",3,3,0,0,0,0,0,7,proceed,cancel,2023-12-17 17:53:15.000,2023-12-25 07:52:36.000,3,3,1,0,2,2023-12-17 16:07:26,2023,12
6,24,INC47977492,"266,226,194",121,"3,790,156,078","6,817,328,029","103,830,082","569,285,183",10,3,0,1,1,1,0,32,proceed,cancel,2024-01-08 13:39:18.000,2024-01-12 08:09:35.000,3,3,1,0,2,2023-12-17 19:47:17,2023,12
6,24,INC47976287,"140,946,784",105,"5,848,267,268","5,848,267,268","76,615,600","-99,999",3,3,0,0,0,0,0,9,proceed,cancel,2023-12-18 11:53:13.000,2023-12-21 06:11:32.000,3,3,1,0,2,2023-12-17 10:57:56,2023,12
6,24,INC47973798,"140,946,784",105,"5,848,267,268","5,848,267,268","76,615,600","-99,999",3,5,0,0,0,0,0,9,proceed,cancel,2023-12-17 01:23:13.000,2023-12-24 07:56:30.000,3,3,1,0,2,2023-12-16 19:34:54,2023,12
6,24,INC47976164,"140,946,784",105,"5,848,267,268","5,848,267,268","80,859,673","-99,999",3,3,0,0,0,0,0,7,proceed,cancel,2023-12-17 15:23:13.000,2023-12-25 07:52:31.000,3,3,1,0,2,2023-12-17 09:15:27,2023,12
6,24,INC47976295,"140,946,784",105,"5,848,267,268","5,848,267,268","76,615,600","-99,999",3,3,0,0,0,0,0,9,proceed,cancel,2023-12-17 12:23:14.000,2023-12-21 06:11:25.000,3,3,1,0,2,2023-12-17 11:00:15,2023,12
6,24,INC47976288,"140,946,784",105,"5,848,267,268","5,848,267,268","76,615,600","-99,999",3,3,0,0,0,0,0,9,proceed,cancel,2023-12-17 12:23:13.000,2023-12-21 06:11:37.000,3,3,1,0,2,2023-12-17 10:57:57,2023,12
6,24,INC47976082,"140,946,784",105,"5,848,267,268","5,848,267,268","76,615,600","-99,999",3,3,0,0,0,0,0,8,proceed,cancel,2023-12-17 09:23:13.000,2023-12-18 10:06:17.000,3,3,1,0,2,2023-12-17 07:50:07,2023,12
6,24,INC47976066,"140,946,784",105,"5,848,267,268","6,345,982,539","80,859,673","-99,999",3,3,0,0,0,0,0,14,proceed,cancel,2023-12-18 10:05:41.000,2023-12-18 10:06:18.000,3,3,1,0,2,2023-12-17 07:27:58,2023,12
6,24,INC47976315,"140,946,784",105,"5,848,267,268","5,848,267,268","76,615,600","-99,999",3,3,0,0,0,0,0,9,proceed,cancel,2023-12-18 06:23:13.000,2023-12-21 06:11:26.000,3,3,1,0,2,2023-12-17 11:13:05,2023,12
6,25,INC47977468,"266,226,194",63,"6,204,928,876","6,204,928,876","103,974,889","569,357,766",6,3,0,1,0,1,0,5,proceed,cancel,2023-12-17 20:14:04.000,2023-12-21 08:42:39.000,3,3,1,0,2,2023-12-17 19:39:16,2023,12
6,24,INC47976070,"140,946,784",105,"5,848,267,268","5,848,267,268","80,859,673","-99,999",3,5,0,0,0,0,0,9,proceed,cancel,2023-12-17 08:53:14.000,2023-12-18 10:06:36.000,3,3,1,0,2,2023-12-17 07:30:57,2023,12
6,24,INC47976073,"140,946,784",105,"5,848,267,268","5,848,267,268","80,859,673","-99,999",3,3,0,0,0,0,0,9,proceed,cancel,2023-12-17 08:53:14.000,2023-12-18 10:06:32.000,3,3,1,0,2,2023-12-17 07:34:08,2023,12
6,24,INC47976067,"140,946,784",105,"5,848,267,268","5,848,267,268","80,859,673","-99,999",3,3,0,0,0,0,0,8,proceed,cancel,2023-12-17 08:53:13.000,2023-12-18 10:06:34.000,3,3,1,0,2,2023-12-17 07:27:59,2023,12
6,24,INC47978213,"140,946,784",105,"5,848,267,268","5,848,267,268","76,615,600","-99,999",3,3,0,0,0,0,0,9,proceed,cancel,2023-12-18 01:53:13.000,2023-12-18 09:14:29.000,3,3,1,0,2,2023-12-18 00:43:47,2023,12
6,24,INC47976290,"140,946,784",105,"5,848,267,268","5,848,267,268","76,615,600","-99,999",3,3,0,0,0,0,0,9,proceed,cancel,2023-12-17 12:23:14.000,2023-12-21 06:11:33.000,3,3,1,0,2,2023-12-17 10:59:09,2023,12
6,24,INC47975260,"140,946,784",105,"5,848,267,268","5,848,267,268","76,615,600","-99,999",3,3,0,0,0,0,0,8,proceed,cancel,2023-12-17 05:23:13.000,2023-12-19 03:54:38.000,3,3,1,0,2,2023-12-17 02:05:34,2023,12
6,24,INC47972529,"140,946,784",105,"5,848,267,268","5,848,267,268","76,615,600","-99,999",3,3,0,0,0,0,0,11,proceed,cancel,2023-12-16 14:23:13.000,2023-12-24 07:56:28.000,3,3,1,0,2,2023-12-16 12:18:52,2023,12
6,25,INC47977427,"266,226,194",63,"6,204,928,876","6,204,928,876","103,974,889","569,357,766",6,3,0,1,0,1,0,5,proceed,cancel,2023-12-17 19:58:19.000,2023-12-21 08:42:37.000,3,3,1,0,2,2023-12-17 19:27:50,2023,12
6,24,INC47973712,"140,946,784",105,"5,848,267,268","5,848,267,268","76,615,600","-99,999",3,3,0,0,0,0,0,13,proceed,cancel,2023-12-20 22:23:15.000,2023-12-28 07:37:08.000,3,3,1,0,2,2023-12-16 19:08:34,2023,12
6,24,INC47976201,"140,946,784",105,"5,848,267,268","5,848,267,268","61,667,736","-99,999",3,5,0,0,0,0,0,13,proceed,cancel,2023-12-17 13:23:13.000,2023-12-17 13:40:54.000,3,3,1,0,2,2023-12-17 09:58:35,2023,12
6,24,INC47977631,"266,226,194",121,"6,251,464,626","6,838,119,269","103,974,889","569,465,840",6,3,0,1,0,1,0,26,proceed,cancel,2023-12-29 16:38:24.000,2024-01-02 08:43:47.000,3,3,1,0,2,2023-12-17 20:40:57,2023,12
6,31,INC47973308,"166,126,616",122,"5,703,041,008","6,197,463,044","52,728,393","215,117,249",10,3,0,0,1,1,0,11,proceed,cancel,2023-12-17 22:10:29.000,2023-12-25 08:41:08.000,3,3,1,0,2,2023-12-16 17:13:19,2023,12
6,24,INC47976256,"140,946,784",105,"5,848,267,268","5,848,267,268","76,615,600","-99,999",3,3,0,0,0,0,0,9,proceed,cancel,2023-12-18 12:53:13.000,2023-12-21 06:11:34.000,3,3,1,0,2,2023-12-17 10:35:10,2023,12
6,24,INC47975100,"166,126,616",121,"6,842,456,985","5,802,727,114","52,728,393","215,070,509",6,3,0,0,1,0,0,7,proceed,cancel,2023-12-18 00:55:19.000,2023-12-25 08:41:08.000,3,3,1,0,2,2023-12-17 01:35:47,2023,12
6,24,INC47976515,"140,946,784",105,"5,848,267,268","5,848,267,268","76,615,600","-99,999",3,5,0,0,0,0,0,13,proceed,cancel,2023-12-17 21:23:13.000,2023-12-18 09:31:56.000,3,3,1,0,2,2023-12-17 13:31:05,2023,12
6,24,INC47976612,"140,946,784",105,"5,848,267,268","5,848,267,268","76,615,600","-99,999",3,3,0,0,0,0,0,7,proceed,cancel,2023-12-17 15:53:14.000,2023-12-25 07:52:35.000,3,3,1,0,2,2023-12-17 14:34:46,2023,12
6,24,INC47979892,"140,946,784",105,"5,848,267,268","5,848,267,268","61,667,736","-99,999",3,5,0,0,0,0,0,12,proceed,cancel,2023-12-18 16:23:13.000,2023-12-26 08:08:21.000,3,3,1,0,2,2023-12-18 10:40:56,2023,12
6,24,INC47973926,"166,126,616",121,"6,842,456,985","6,016,140,447","52,728,392","571,456,192",6,3,0,0,1,1,0,5,proceed,cancel,2023-12-16 20:42:51.000,2023-12-24 08:46:35.000,3,3,1,0,2,2023-12-16 20:22:18,2023,12
6,24,INC47976282,"140,946,784",105,"5,848,267,268","6,293,179,578","76,615,600","-99,999",3,3,0,0,0,0,0,7,proceed,cancel,2023-12-21 06:10:49.000,2023-12-21 06:11:30.000,3,3,1,0,2,2023-12-17 10:51:55,2023,12
6,24,INC47972264,"140,946,784",105,"5,848,267,268","5,848,267,268","80,859,673","-99,999",3,3,0,0,0,0,0,17,proceed,cancel,2023-12-16 15:53:13.000,2023-12-24 07:56:25.000,3,3,1,0,2,2023-12-16 09:17:53,2023,12
6,24,INC47985790,"140,946,784",105,"5,848,267,268","5,848,267,268","76,615,600","-99,999",3,5,0,0,0,0,0,11,proceed,cancel,2023-12-18 19:53:14.000,2023-12-26 08:08:26.000,3,3,1,0,2,2023-12-18 18:36:36,2023,12
6,31,INC47977010,"166,126,616",16,"541,413","541,413","52,729,432","572,556,054",6,3,0,1,0,0,0,4,proceed,cancel,2023-12-17 17:11:49.000,2023-12-25 08:41:10.000,3,3,1,0,2,2023-12-17 17:10:12,2023,12
6,31,INC47976692,"166,126,616",16,"541,413","6,016,140,447","52,728,392","572,556,054",6,3,0,0,1,0,0,8,proceed,cancel,2023-12-21 21:37:51.000,2023-12-29 07:25:33.000,3,3,1,0,2,2023-12-17 15:13:22,2023,12
6,24,INC47976291,"140,946,784",105,"5,848,267,268","5,848,267,268","76,615,600","-99,999",3,3,0,0,0,0,0,9,proceed,cancel,2023-12-17 12:23:14.000,2023-12-21 06:11:22.000,3,3,1,0,2,2023-12-17 10:59:10,2023,12
6,24,INC47978706,"166,126,616",121,"5,703,038,615","5,703,041,143","87,971,197","215,063,806",10,3,0,0,1,1,0,11,proceed,cancel,2024-01-05 16:05:29.000,2024-01-13 07:59:59.000,3,3,1,0,2,2023-12-18 04:55:21,2023,12
6,25,INC47977105,"266,226,194",63,"6,204,928,876","6,204,928,876","103,974,889","569,357,766",6,3,0,1,0,1,0,5,proceed,cancel,2023-12-17 17:42:12.000,2023-12-21 08:42:36.000,3,3,1,0,2,2023-12-17 17:38:55,2023,12
6,24,INC47976832,"166,126,616",121,"5,767,480,430","6,197,463,044","52,728,393","572,479,185",10,4,0,0,1,0,0,11,proceed,cancel,2023-12-17 22:09:53.000,2023-12-25 08:41:09.000,3,3,1,0,2,2023-12-17 16:10:49,2023,12
6,24,INC47976684,"140,946,784",105,"5,848,267,268","5,848,267,268","61,667,736","-99,999",3,3,0,0,0,0,0,10,proceed,cancel,2023-12-18 17:53:13.000,2023-12-26 08:08:12.000,3,3,1,0,2,2023-12-17 15:09:26,2023,12
6,24,INC47975785,"166,126,616",121,"6,159,724,203","6,770,881,793","52,728,392","572,717,939",10,3,0,0,1,0,0,7,proceed,cancel,2023-12-19 18:16:51.000,2023-12-27 08:24:38.000,3,3,1,0,2,2023-12-17 04:02:01,2023,12
6,24,INC47978206,"140,946,784",105,"5,848,267,268","5,916,170,592","76,615,600","-99,999",3,5,0,0,0,0,0,13,proceed,cancel,2023-12-18 09:08:42.000,2023-12-18 09:14:18.000,3,3,1,0,2,2023-12-18 00:40:56,2023,12
6,25,INC47977456,"266,226,194",63,"6,204,928,876","6,204,928,876","103,974,889","569,357,766",6,3,0,1,0,1,0,5,proceed,cancel,2023-12-17 20:09:28.000,2023-12-21 08:42:38.000,3,3,1,0,2,2023-12-17 19:35:19,2023,12
6,24,INC47977330,"266,226,194",121,"3,790,156,078","6,264,845,105","103,974,889","569,362,801",10,3,0,1,0,1,0,19,proceed,cancel,2023-12-18 17:08:20.000,2023-12-22 08:01:45.000,3,3,1,0,2,2023-12-17 18:55:41,2023,12
6,24,INC47977156,"166,126,616",121,"541,413","5,703,041,143","87,971,197","215,063,806",6,3,0,0,1,1,0,8,proceed,cancel,2024-01-25 17:44:47.000,2024-02-02 07:51:33.000,3,3,1,0,2,2023-12-17 17:57:37,2023,12
6,25,INC47977464,"266,226,194",63,"6,204,928,876","6,204,928,876","103,974,889","569,357,766",6,3,0,1,0,1,0,5,proceed,cancel,2023-12-17 20:12:42.000,2023-12-21 08:42:38.000,3,3,1,0,2,2023-12-17 19:38:22,2023,12
6,24,INC47972268,"140,946,784",105,"5,848,267,268","5,848,267,268","80,859,673","-99,999",3,3,0,0,0,0,0,38,proceed,cancel,2023-12-16 15:53:13.000,2023-12-24 07:56:26.000,3,3,1,0,2,2023-12-16 09:21:53,2023,12
6,24,INC47976289,"140,946,784",105,"5,848,267,268","6,293,179,578","76,615,600","-99,999",3,3,0,0,0,0,0,15,proceed,cancel,2023-12-21 06:10:49.000,2023-12-21 06:11:39.000,3,3,1,0,2,2023-12-17 10:59:07,2023,12
6,24,INC47978210,"140,946,784",105,"5,848,267,268","5,848,267,268","76,615,600","-99,999",3,3,0,0,0,0,0,9,proceed,cancel,2023-12-18 01:53:14.000,2023-12-18 09:14:28.000,3,3,1,0,2,2023-12-18 00:42:37,2023,12
6,24,INC47976241,"140,946,784",105,"5,848,267,268","6,293,179,578","76,615,600","-99,999",3,3,0,0,0,0,0,20,proceed,cancel,2023-12-21 06:10:46.000,2023-12-21 06:11:10.000,3,3,1,0,2,2023-12-17 10:25:45,2023,12
6,24,INC47978209,"140,946,784",105,"5,848,267,268","5,848,267,268","76,615,600","-99,999",3,3,0,0,0,0,0,9,proceed,cancel,2023-12-18 01:53:14.000,2023-12-18 09:14:26.000,3,3,1,0,2,2023-12-18 00:42:36,2023,12
6,24,INC47984999,"266,226,194",121,"6,264,845,105","6,264,845,105","103,974,889","569,458,368",6,3,0,1,0,1,0,10,proceed,cancel,2023-12-18 17:47:12.000,2023-12-22 08:01:55.000,3,3,1,0,2,2023-12-18 17:39:39,2023,12
6,24,INC47978685,"166,126,616",121,"3,503,348,459","5,703,041,143","87,971,197","214,635,102",6,4,0,0,1,1,0,8,proceed,cancel,2024-01-05 19:33:06.000,2024-01-13 07:59:59.000,3,3,1,0,2,2023-12-18 04:42:55,2023,12
6,25,INC47977445,"266,226,194",63,"6,204,928,876","6,204,928,876","103,974,889","569,357,766",6,3,0,1,0,1,0,5,proceed,cancel,2023-12-17 20:06:44.000,2023-12-21 08:42:37.000,3,3,1,0,2,2023-12-17 19:31:35,2023,12
6,24,INC47976275,"140,946,784",105,"5,848,267,268","6,293,179,578","76,615,600","-99,999",3,3,0,0,0,0,0,7,proceed,cancel,2023-12-21 06:10:48.000,2023-12-21 06:11:27.000,3,3,1,0,2,2023-12-17 10:49:26,2023,12
6,24,INC47976157,"140,946,784",105,"5,848,267,268","5,848,267,268","80,859,673","-99,999",3,3,0,0,0,0,0,12,proceed,cancel,2023-12-17 15:23:13.000,2023-12-25 07:52:31.000,3,3,1,0,2,2023-12-17 09:11:26,2023,12
6,24,INC47978435,"140,946,784",105,"5,848,267,268","5,848,267,268","76,615,600","-99,999",3,3,0,0,0,0,0,10,proceed,cancel,2023-12-18 05:23:13.000,2023-12-25 07:52:37.000,3,3,1,0,2,2023-12-18 03:10:06,2023,12
6,24,INC47976310,"140,946,784",105,"5,848,267,268","6,293,179,578","76,615,600","-99,999",3,3,0,0,0,0,0,7,proceed,cancel,2023-12-21 06:10:50.000,2023-12-21 06:11:40.000,3,3,1,0,2,2023-12-17 11:08:15,2023,12
6,24,INC47976307,"140,946,784",105,"5,848,267,268","6,293,179,578","76,615,600","-99,999",3,3,0,0,0,0,0,7,proceed,cancel,2023-12-21 06:10:47.000,2023-12-21 06:11:23.000,3,3,1,0,2,2023-12-17 11:07:06,2023,12
6,24,INC47976072,"140,946,784",105,"5,848,267,268","5,848,267,268","80,859,673","-99,999",3,3,0,0,0,0,0,9,proceed,cancel,2023-12-17 08:53:14.000,2023-12-18 10:06:35.000,3,3,1,0,2,2023-12-17 07:34:06,2023,12
6,24,INC47976311,"140,946,784",105,"5,848,267,268","6,293,179,578","76,615,600","-99,999",3,3,0,0,0,0,0,7,proceed,cancel,2023-12-21 06:10:47.000,2023-12-21 06:11:17.000,3,3,1,0,2,2023-12-17 11:08:17,2023,12
6,31,INC47976996,"166,126,616",122,"541,413","6,016,140,447","52,728,392","561,183,411",6,3,0,0,1,1,0,5,proceed,cancel,2023-12-18 01:54:55.000,2023-12-25 08:41:09.000,3,3,1,0,2,2023-12-17 17:03:25,2023,12
6,25,INC47977470,"266,226,194",63,"6,204,928,876","6,204,928,876","103,974,889","569,357,766",6,3,0,1,0,1,0,5,proceed,cancel,2023-12-17 19:49:32.000,2023-12-21 08:42:39.000,3,3,1,0,2,2023-12-17 19:41:33,2023,12
6,24,INC47977969,"266,226,194",121,"6,251,464,626","6,313,447,475","103,974,889","569,465,840",6,3,0,1,0,1,0,6,proceed,cancel,2023-12-18 14:29:52.000,2023-12-22 08:01:45.000,3,3,1,0,2,2023-12-17 23:04:14,2023,12
6,24,INC47976254,"140,946,784",105,"5,848,267,268","5,848,267,268","76,615,600","-99,999",3,3,0,0,0,0,0,9,proceed,cancel,2023-12-17 11:53:14.000,2023-12-21 06:11:38.000,3,3,1,0,2,2023-12-17 10:33:56,2023,12
6,24,INC47976478,"140,946,784",105,"5,848,267,268","5,848,267,268","76,615,600","-99,999",3,3,0,0,0,0,0,7,proceed,cancel,2023-12-17 14:23:14.000,2023-12-25 07:52:35.000,3,3,1,0,2,2023-12-17 13:06:36,2023,12
6,24,INC47978255,"140,946,784",105,"5,848,267,268","5,848,267,268","76,615,600","-99,999",3,3,0,0,0,0,0,9,proceed,cancel,2023-12-18 04:23:13.000,2023-12-18 09:14:30.000,3,3,1,0,2,2023-12-18 01:06:35,2023,12
6,24,INC47976078,"140,946,784",105,"5,848,267,268","6,345,982,539","80,859,673","-99,999",3,3,0,0,0,0,0,18,proceed,cancel,2023-12-18 10:05:41.000,2023-12-18 10:06:06.000,3,3,1,0,2,2023-12-17 07:40:56,2023,12
6,24,INC47976299,"140,946,784",105,"5,848,267,268","5,848,267,268","76,615,600","-99,999",3,3,0,0,0,0,0,9,proceed,cancel,2023-12-18 11:23:13.000,2023-12-21 06:11:31.000,3,3,1,0,2,2023-12-17 11:04:05,2023,12
6,24,INC47979235,"140,946,784",105,"5,848,267,268","5,848,267,268","76,615,600","-99,999",3,3,0,0,0,0,0,7,proceed,cancel,2023-12-18 07:23:13.000,2023-12-26 08:08:18.000,3,3,1,0,2,2023-12-18 06:20:27,2023,12
6,24,INC47977070,"166,126,616",121,"541,413","541,413","52,729,432","572,556,054",6,3,0,1,0,0,0,4,proceed,cancel,2023-12-17 17:30:13.000,2023-12-25 08:41:10.000,3,3,1,0,2,2023-12-17 17:27:17,2023,12
6,24,INC47977726,"140,946,784",105,"5,848,267,268","5,848,267,268","80,859,673","-99,999",3,5,0,0,0,0,0,8,proceed,cancel,2023-12-18 08:23:13.000,2023-12-26 08:08:14.000,3,3,1,0,2,2023-12-17 21:17:27,2023,12
6,24,INC47976255,"140,946,784",105,"5,848,267,268","5,848,267,268","76,615,600","-99,999",3,3,0,0,0,0,0,9,proceed,cancel,2023-12-18 13:23:13.000,2023-12-21 06:11:41.000,3,3,1,0,2,2023-12-17 10:35:05,2023,12
6,24,INC47976242,"140,946,784",105,"5,848,267,268","5,848,267,268","76,615,600","-99,999",3,3,0,0,0,0,0,9,proceed,cancel,2023-12-17 11:53:13.000,2023-12-21 06:11:24.000,3,3,1,0,2,2023-12-17 10:25:47,2023,12
6,25,INC47977424,"266,226,194",63,"6,204,928,876","6,204,928,876","103,974,889","569,357,766",6,3,0,1,0,1,0,5,proceed,cancel,2023-12-17 20:04:30.000,2023-12-21 08:42:36.000,3,3,1,0,2,2023-12-17 19:26:30,2023,12
6,24,INC47976312,"140,946,784",105,"5,848,267,268","5,848,267,268","76,615,600","-99,999",3,3,0,0,0,0,0,9,proceed,cancel,2023-12-18 12:23:13.000,2023-12-21 06:11:37.000,3,3,1,0,2,2023-12-17 11:10:06,2023,12
6,24,INC47976280,"140,946,784",105,"5,848,267,268","5,848,267,268","76,615,600","-99,999",3,3,0,0,0,0,0,7,proceed,cancel,2023-12-17 12:23:14.000,2023-12-25 07:52:34.000,3,3,1,0,2,2023-12-17 10:50:29,2023,12
6,24,INC47976068,"140,946,784",105,"5,848,267,268","5,848,267,268","80,859,673","-99,999",3,5,0,0,0,0,0,9,proceed,cancel,2023-12-17 08:53:15.000,2023-12-18 10:06:31.000,3,3,1,0,2,2023-12-17 07:30:27,2023,12
6,24,INC47976296,"140,946,784",105,"5,848,267,268","6,293,179,578","76,615,600","-99,999",3,3,0,0,0,0,0,7,proceed,cancel,2023-12-21 06:10:49.000,2023-12-21 06:11:31.000,3,3,1,0,2,2023-12-17 11:01:25,2023,12
6,24,INC47976269,"140,946,784",105,"5,848,267,268","5,848,267,268","76,615,600","-99,999",3,5,0,0,0,0,0,10,proceed,cancel,2023-12-17 12:23:13.000,2023-12-21 06:11:18.000,3,3,1,0,2,2023-12-17 10:46:55,2023,12
6,31,INC47989572,"140,946,784",16,"6,293,179,578","6,293,179,578","76,615,600","-99,999",10,3,0,0,3,0,0,16,proceed,cancel,2023-12-20 04:01:14.000,2023-12-20 04:02:42.000,3,3,1,0,2,2023-12-19 02:25:51,2023,12
6,24,INC47976245,"140,946,784",105,"5,848,267,268","5,848,267,268","76,615,600","-99,999",3,3,0,0,0,0,0,9,proceed,cancel,2023-12-17 11:53:13.000,2023-12-21 06:11:36.000,3,3,1,0,2,2023-12-17 10:26:56,2023,12
6,24,INC47974930,"140,946,784",105,"5,848,267,268","5,848,267,268","80,859,673","-99,999",3,3,0,0,0,0,0,9,proceed,cancel,2023-12-17 22:23:13.000,2023-12-25 07:52:30.000,3,3,1,0,2,2023-12-17 01:14:54,2023,12
6,24,INC47978211,"140,946,784",105,"5,848,267,268","5,848,267,268","76,615,600","-99,999",3,3,0,0,0,0,0,9,proceed,cancel,2023-12-18 01:53:13.000,2023-12-18 09:14:27.000,3,3,1,0,2,2023-12-18 00:43:46,2023,12
6,24,INC47976285,"140,946,784",105,"5,848,267,268","5,848,267,268","76,615,600","-99,999",3,3,0,0,0,0,0,9,proceed,cancel,2023-12-17 12:23:13.000,2023-12-21 06:11:19.000,3,3,1,0,2,2023-12-17 10:54:55,2023,12
6,31,INC47973338,"166,126,616",16,"6,816,701,351","6,016,140,447","52,728,392","571,456,467",6,3,0,1,1,0,0,10,proceed,cancel,2023-12-19 12:29:26.000,2023-12-27 08:24:38.000,3,3,1,0,2,2023-12-16 17:22:31,2023,12
6,24,INC47973792,"166,126,616",121,"6,842,456,985","5,703,041,143","87,971,197","215,137,248",6,4,0,0,1,0,0,7,proceed,cancel,2024-01-05 19:31:25.000,2024-01-13 07:59:58.000,2,2,1,0,1,2023-12-16 19:33:23,2023,12
6,24,INC47978244,"140,946,784",105,"5,848,267,268","5,848,267,268","76,615,600","-99,999",3,5,0,0,0,0,0,9,proceed,cancel,2023-12-18 21:23:14.000,2023-12-26 08:08:15.000,3,3,1,0,2,2023-12-18 00:56:36,2023,12
6,24,INC47981903,"266,226,194",121,"6,264,845,105","6,264,845,105","103,974,889","569,465,840",6,3,0,1,0,1,0,8,proceed,cancel,2023-12-18 14:43:59.000,2023-12-22 08:01:53.000,3,3,1,0,2,2023-12-18 14:37:49,2023,12
6,24,INC47976316,"140,946,784",105,"5,848,267,268","6,293,179,578","76,615,600","-99,999",3,3,0,0,0,0,0,7,proceed,cancel,2023-12-21 06:10:50.000,2023-12-21 06:11:42.000,3,3,1,0,2,2023-12-17 11:13:07,2023,12
6,24,INC47860811,"140,946,784",105,"5,848,267,268","5,848,267,268","76,615,600","-99,999",3,3,0,0,0,0,0,5,proceed,cancel,2023-12-03 04:23:13.000,2023-12-03 15:00:31.000,3,3,1,0,2,2023-12-03 03:10:43,2023,12
6,31,INC47854469,"166,126,616",122,"6,819,803,578","5,802,727,114","52,728,393","215,070,509",10,3,0,0,1,0,0,6,proceed,cancel,2023-12-03 00:33:09.000,2023-12-10 10:18:35.000,3,3,1,0,2,2023-12-01 19:25:39,2023,12
6,31,INC47852981,"266,226,194",122,"3,790,156,078","6,817,329,706","103,830,082","569,249,758",4,3,0,0,1,1,0,8,proceed,cancel,2023-12-01 17:38:02.000,2023-12-05 09:21:27.000,3,3,1,0,2,2023-12-01 17:30:34,2023,12
6,31,INC47855896,"266,226,194",122,"3,790,156,078","6,817,329,706","103,830,082","569,370,289",4,3,0,0,1,1,0,8,proceed,cancel,2023-12-01 21:38:21.000,2023-12-05 09:21:29.000,3,3,1,0,2,2023-12-01 21:36:23,2023,12
6,24,INC47855641,"140,946,784",105,"5,848,267,268","5,848,267,268","76,615,600","-99,999",3,5,0,0,0,0,0,9,proceed,cancel,2023-12-02 22:23:13.000,2023-12-10 08:22:44.000,3,3,1,0,2,2023-12-01 21:09:43,2023,12
6,24,INC47848761,"140,946,784",105,"5,848,267,268","5,848,267,268","76,615,600","-99,999",3,3,0,0,0,0,0,8,proceed,cancel,2023-12-01 09:53:13.000,2023-12-09 07:42:42.000,3,3,1,0,2,2023-12-01 07:58:03,2023,12
6,24,INC47857976,"140,946,784",105,"5,848,267,268","5,848,267,268","80,859,673","-99,999",3,3,0,0,0,0,0,6,proceed,cancel,2023-12-02 10:53:13.000,2023-12-10 08:23:48.000,3,3,1,0,2,2023-12-02 09:47:03,2023,12
6,24,INC47857999,"140,946,784",105,"5,848,267,268","5,848,267,268","76,615,600","-99,999",3,3,0,0,0,0,0,7,proceed,cancel,2023-12-02 20:53:14.000,2023-12-05 03:22:10.000,3,3,1,0,2,2023-12-02 10:01:06,2023,12
6,24,INC47856438,"140,946,784",105,"5,848,267,268","5,848,267,268","61,667,736","-99,999",3,3,0,0,0,0,0,7,proceed,cancel,2023-12-01 23:53:14.000,2023-12-03 14:50:04.000,3,3,1,0,2,2023-12-01 22:44:13,2023,12
6,24,INC47858409,"266,226,194",121,"6,224,887,111","6,264,845,105","103,974,889","569,338,860",6,3,0,1,0,1,0,18,proceed,cancel,2023-12-04 16:12:37.000,2023-12-08 08:02:50.000,3,3,1,0,2,2023-12-02 13:40:48,2023,12
6,25,INC47858962,"166,126,616",63,"6,816,701,351","6,816,701,351","52,729,432","572,672,075",6,3,0,1,0,0,0,3,proceed,cancel,2023-12-02 17:53:47.000,2023-12-10 10:18:37.000,3,3,1,0,2,2023-12-02 16:41:56,2023,12
6,24,INC47857571,"140,946,784",105,"5,848,267,268","5,848,267,268","76,615,600","-99,999",3,3,0,0,0,0,0,7,proceed,cancel,2023-12-02 06:53:14.000,2023-12-10 08:22:55.000,3,3,1,0,2,2023-12-02 04:54:12,2023,12
6,24,INC47858969,"166,126,616",27,"6,816,701,351","5,703,040,921","52,728,392","572,579,465",6,4,0,0,1,1,0,8,proceed,cancel,2023-12-02 23:26:30.000,2023-12-10 10:18:37.000,2,2,1,0,1,2023-12-02 16:44:06,2023,12
6,24,INC47860052,"140,946,784",105,"5,848,267,268","5,848,267,268","80,859,673","-99,999",3,3,0,0,0,0,0,9,proceed,cancel,2023-12-02 22:53:14.000,2023-12-10 08:24:59.000,3,3,1,0,2,2023-12-02 21:40:27,2023,12
6,24,INC47852596,"140,946,784",105,"5,848,267,268","5,848,267,268","80,859,673","-99,999",3,3,0,0,0,0,0,35,proceed,cancel,2023-12-01 21:53:13.000,2023-12-15 07:46:53.000,3,3,1,0,2,2023-12-01 17:03:43,2023,12
6,31,INC47857441,"166,126,616",122,"6,819,803,578","6,197,463,044","52,728,393","575,972,787",10,3,0,0,1,1,0,9,proceed,cancel,2023-12-02 15:08:13.000,2023-12-10 10:18:36.000,3,3,1,0,2,2023-12-02 03:23:48,2023,12
6,24,INC47857767,"140,946,784",105,"5,848,267,268","5,848,267,268","80,859,673","-99,999",3,3,0,0,0,0,0,9,proceed,cancel,2023-12-02 08:23:14.000,2023-12-10 08:23:32.000,3,3,1,0,2,2023-12-02 07:06:43,2023,12
6,24,INC47860034,"140,946,784",105,"5,848,267,268","6,345,982,539","80,859,673","-99,999",3,3,0,0,0,0,0,13,proceed,cancel,2023-12-03 14:57:04.000,2023-12-11 08:02:22.000,3,3,1,0,2,2023-12-02 21:35:26,2023,12
6,24,INC47860813,"140,946,784",105,"5,848,267,268","5,848,267,268","76,615,600","-99,999",3,3,0,0,0,0,0,5,proceed,cancel,2023-12-03 04:23:13.000,2023-12-03 15:00:29.000,3,3,1,0,2,2023-12-03 03:10:47,2023,12
6,31,INC47855333,"166,126,616",122,"5,703,039,506","5,802,727,114","52,728,393","214,602,738",10,3,0,0,1,1,0,6,proceed,cancel,2023-12-02 04:18:15.000,2023-12-09 07:47:41.000,3,3,1,0,2,2023-12-01 20:41:52,2023,12
6,24,INC47860331,"140,946,784",105,"5,848,267,268","5,848,267,268","76,615,600","-99,999",3,3,0,0,0,0,0,7,proceed,cancel,2023-12-03 00:53:13.000,2023-12-10 08:25:46.000,3,3,1,0,2,2023-12-02 23:06:24,2023,12
6,24,INC47850105,"140,946,784",105,"5,848,267,268","5,848,267,268","76,615,600","-99,999",3,3,0,0,0,0,0,7,proceed,cancel,2023-12-01 15:23:14.000,2023-12-09 07:42:46.000,3,3,1,0,2,2023-12-01 13:49:43,2023,12
6,24,INC47856904,"140,946,784",105,"5,848,267,268","5,848,267,268","76,615,600","-99,999",3,3,0,0,0,0,0,9,proceed,cancel,2023-12-02 03:23:13.000,2023-12-09 07:42:56.000,3,3,1,0,2,2023-12-02 00:18:13,2023,12
6,25,INC47858439,"266,226,194",63,"6,204,928,876","6,204,928,876","103,974,889","569,357,766",6,3,0,1,0,1,0,5,proceed,cancel,2023-12-02 14:04:42.000,2023-12-06 09:18:26.000,3,3,1,0,2,2023-12-02 13:56:32,2023,12
6,24,INC47855645,"140,946,784",105,"5,848,267,268","6,230,797,880","76,615,600","-99,999",3,5,0,0,0,0,0,6,proceed,cancel,2023-12-02 17:28:36.000,2023-12-02 17:28:57.000,3,3,1,0,2,2023-12-01 21:09:47,2023,12
6,31,INC47858927,"166,126,616",122,"6,816,701,351","6,816,701,351","52,729,432","571,456,192",6,3,0,1,0,1,0,3,proceed,cancel,2023-12-02 16:35:47.000,2023-12-10 10:18:37.000,3,3,1,0,2,2023-12-02 16:28:50,2023,12
6,24,INC47863395,"266,226,194",121,"6,352,927,241","6,352,927,241","103,974,889","569,469,943",6,3,0,1,0,1,0,5,proceed,cancel,2023-12-04 02:21:48.000,2023-12-07 08:48:30.000,3,3,1,0,2,2023-12-04 02:17:51,2023,12
6,24,INC47860818,"140,946,784",105,"5,848,267,268","5,848,267,268","76,615,600","-99,999",3,3,0,0,0,0,0,5,proceed,cancel,2023-12-03 04:23:13.000,2023-12-03 15:00:30.000,3,3,1,0,2,2023-12-03 03:10:55,2023,12
6,24,INC47863218,"140,946,784",105,"5,848,267,268","5,848,267,268","76,615,600","-99,999",3,3,0,0,0,0,0,8,proceed,cancel,2023-12-04 01:53:13.000,2023-12-04 07:46:17.000,3,3,1,0,2,2023-12-04 00:31:15,2023,12
6,31,INC47854585,"166,126,616",122,"2,438,429,805","5,703,040,455","52,728,392","214,602,738",6,3,0,0,1,1,0,10,proceed,cancel,2023-12-05 20:16:56.000,2023-12-13 08:43:55.000,3,3,1,1,2,2023-12-01 19:35:01,2023,12
6,24,INC47858451,"140,946,784",105,"5,848,267,268","5,848,267,268","76,615,600","-99,999",3,3,0,0,0,0,0,7,proceed,cancel,2023-12-02 15:23:13.000,2023-12-10 08:24:21.000,3,3,1,0,2,2023-12-02 14:01:55,2023,12
6,25,INC47858319,"266,226,194",63,"6,204,928,876","6,204,928,876","103,974,889","569,357,766",6,3,0,1,0,1,0,5,proceed,cancel,2023-12-02 13:21:18.000,2023-12-06 09:18:24.000,3,3,1,0,2,2023-12-02 13:19:28,2023,12
6,24,INC47859952,"140,946,784",105,"5,848,267,268","5,848,267,268","76,615,600","-99,999",3,5,0,0,0,0,0,12,proceed,cancel,2023-12-03 22:23:13.000,2023-12-11 08:02:20.000,3,3,1,0,2,2023-12-02 21:10:15,2023,12
6,24,INC47856454,"140,946,784",105,"5,848,267,268","5,848,267,268","61,667,736","-99,999",3,5,0,0,0,0,0,5,proceed,cancel,2023-12-01 23:53:14.000,2023-12-03 14:49:58.000,3,3,1,0,2,2023-12-01 22:45:45,2023,12
6,24,INC47859955,"140,946,784",105,"5,848,267,268","6,230,797,880","76,615,600","-99,999",3,5,0,0,0,0,0,6,proceed,cancel,2023-12-02 21:24:38.000,2023-12-02 21:24:53.000,3,3,1,0,2,2023-12-02 21:10:20,2023,12
6,24,INC47859488,"140,946,784",105,"5,848,267,268","5,848,267,268","76,615,600","-99,999",3,3,0,0,0,0,0,8,proceed,cancel,2023-12-02 20:53:14.000,2023-12-10 08:24:50.000,3,3,1,0,2,2023-12-02 19:23:34,2023,12
6,31,INC47853718,"266,226,194",122,"3,790,156,078","6,817,329,706","103,830,082","569,370,289",4,3,0,0,1,1,0,11,proceed,cancel,2023-12-01 21:28:13.000,2023-12-05 09:21:28.000,3,3,1,0,2,2023-12-01 18:29:39,2023,12
6,24,INC47858450,"266,226,194",51,"1,961,228,749","6,867,816,819","103,830,082","569,465,840",6,3,0,0,1,1,0,14,proceed,cancel,2023-12-12 13:25:44.000,2023-12-16 08:02:04.000,3,3,1,0,2,2023-12-02 14:01:04,2023,12
6,24,INC47860736,"140,946,784",105,"5,848,267,268","5,848,267,268","76,615,600","-99,999",3,3,0,0,0,0,0,7,proceed,cancel,2023-12-03 03:53:13.000,2023-12-10 08:26:31.000,3,3,1,0,2,2023-12-03 02:14:13,2023,12
6,31,INC47862224,"166,126,616",122,"6,278,127,800","6,016,140,447","52,728,392","561,183,411",10,3,0,0,1,1,0,5,proceed,cancel,2023-12-05 14:06:50.000,2023-12-13 08:43:56.000,3,3,1,0,2,2023-12-03 17:39:47,2023,12
6,24,INC47858904,"140,946,784",105,"5,848,267,268","5,848,267,268","76,615,600","-99,999",3,3,0,0,0,0,0,7,proceed,cancel,2023-12-02 18:53:13.000,2023-12-10 08:24:32.000,3,3,1,0,2,2023-12-02 16:21:55,2023,12
6,24,INC47860907,"166,126,616",121,"5,707,696,599","6,770,881,793","52,728,392","571,280,206",10,3,0,0,1,0,0,6,proceed,cancel,2023-12-05 21:26:15.000,2023-12-13 08:43:56.000,3,3,1,0,2,2023-12-03 04:30:22,2023,12
6,24,INC47859969,"140,946,784",105,"5,848,267,268","5,848,267,268","76,615,600","-99,999",3,3,0,0,0,0,0,7,proceed,cancel,2023-12-02 23:23:13.000,2023-12-10 08:24:53.000,3,3,1,0,2,2023-12-02 21:14:25,2023,12
6,31,INC47860697,"166,126,616",16,"3,503,348,459","3,503,348,459","52,729,432","215,157,250",6,3,0,1,0,0,0,4,proceed,cancel,2023-12-05 02:07:55.000,2023-12-12 09:10:02.000,3,3,1,0,2,2023-12-03 01:54:33,2023,12
6,24,INC47860867,"166,126,616",121,"6,787,808,870","6,322,476,946","52,729,065","-99,999",10,3,0,0,1,0,0,5,proceed,cancel,2024-01-02 17:12:41.000,2024-01-10 09:17:26.000,3,3,1,0,2,2023-12-03 03:52:48,2023,12
6,24,INC47863623,"166,126,616",121,"6,324,459,909","5,802,727,114","52,728,393","215,157,251",10,3,0,0,1,1,0,5,proceed,cancel,2024-01-01 00:45:47.000,2024-01-08 09:09:10.000,3,3,1,0,2,2023-12-04 04:58:54,2023,12
6,24,INC47857881,"140,946,784",105,"5,848,267,268","5,848,267,268","80,859,673","-99,999",3,3,0,0,0,0,0,7,proceed,cancel,2023-12-02 09:23:13.000,2023-12-10 08:23:47.000,3,3,1,0,2,2023-12-02 08:19:54,2023,12
6,24,INC47859358,"140,946,784",105,"5,848,267,268","5,848,267,268","76,615,600","-99,999",3,3,0,0,0,0,0,8,proceed,cancel,2023-12-02 20:53:14.000,2023-12-10 08:24:35.000,3,3,1,0,2,2023-12-02 18:37:55,2023,12
6,31,INC47858035,"140,946,784",104,"6,323,104,377","5,583,924,682","41,927,742","-99,999",10,3,0,0,2,0,0,8,proceed,cancel,2023-12-05 14:02:21.000,2023-12-13 07:53:49.000,3,3,1,0,2,2023-12-02 10:31:05,2023,12
6,24,INC47859939,"140,946,784",105,"5,848,267,268","5,848,267,268","76,615,600","-99,999",3,3,0,0,0,0,0,13,proceed,cancel,2023-12-04 03:53:13.000,2023-12-11 08:02:19.000,3,3,1,0,2,2023-12-02 21:08:17,2023,12
6,24,INC47862214,"140,946,784",105,"5,848,267,268","5,848,267,268","76,615,600","-99,999",3,3,0,0,0,0,0,7,proceed,cancel,2023-12-03 18:53:14.000,2023-12-11 08:02:31.000,3,3,1,0,2,2023-12-03 17:34:32,2023,12
6,24,INC47860343,"140,946,784",105,"5,848,267,268","5,848,267,268","61,667,736","-99,999",3,5,0,0,0,0,0,9,proceed,cancel,2023-12-03 00:23:14.000,2023-12-10 08:25:47.000,3,3,1,0,2,2023-12-02 23:08:44,2023,12
6,24,INC47860812,"140,946,784",105,"5,848,267,268","5,848,267,268","76,615,600","-99,999",3,3,0,0,0,0,0,5,proceed,cancel,2023-12-03 04:23:13.000,2023-12-03 15:00:35.000,3,3,1,0,2,2023-12-03 03:10:45,2023,12
6,24,INC47863519,"140,946,784",105,"5,848,267,268","5,848,267,268","76,615,600","-99,999",3,3,0,0,0,0,0,10,proceed,cancel,2023-12-04 18:53:13.000,2023-12-12 08:13:19.000,3,3,1,0,2,2023-12-04 03:40:40,2023,12
6,24,INC47859186,"266,226,194",121,"6,224,887,111","6,838,119,269","103,974,889","569,465,840",6,3,0,1,0,1,0,22,proceed,cancel,2023-12-04 19:19:18.000,2023-12-08 08:02:50.000,3,3,1,0,2,2023-12-02 17:50:19,2023,12
6,25,INC47858378,"266,226,194",63,"6,204,928,876","6,204,928,876","103,974,889","569,357,766",6,3,0,1,0,1,0,4,proceed,cancel,2023-12-02 13:46:07.000,2023-12-06 09:18:25.000,3,3,1,0,2,2023-12-02 13:31:43,2023,12
6,31,INC47862101,"166,126,616",122,"5,703,041,055","5,802,727,114","52,728,393","215,070,509",10,3,0,0,1,0,0,8,proceed,cancel,2023-12-04 17:19:35.000,2023-12-12 09:10:02.000,3,3,1,0,2,2023-12-03 17:11:51,2023,12
6,24,INC47860815,"140,946,784",105,"5,848,267,268","5,848,267,268","76,615,600","-99,999",3,3,0,0,0,0,0,5,proceed,cancel,2023-12-03 04:23:13.000,2023-12-03 15:00:33.000,3,3,1,0,2,2023-12-03 03:10:50,2023,12
6,24,INC47860804,"140,946,784",105,"5,848,267,268","6,345,982,539","76,615,600","-99,999",3,3,0,0,0,0,0,12,proceed,cancel,2023-12-03 14:59:53.000,2023-12-03 15:00:13.000,3,3,1,0,2,2023-12-03 03:06:13,2023,12
6,31,INC47859814,"166,126,616",16,"3,503,348,459","3,503,348,459","52,729,432","571,333,591",6,3,0,1,0,0,0,6,proceed,cancel,2023-12-02 20:37:33.000,2023-12-10 10:18:38.000,3,3,1,0,2,2023-12-02 20:31:32,2023,12
6,24,INC47859849,"166,126,616",121,"3,503,348,459","6,016,140,447","52,728,392","561,183,411",6,3,0,0,1,1,0,5,proceed,cancel,2023-12-05 16:08:30.000,2023-12-13 08:43:55.000,3,3,1,0,2,2023-12-02 20:45:27,2023,12
6,24,INC47858732,"140,946,784",105,"5,848,267,268","5,848,267,268","76,615,600","-99,999",3,3,0,0,0,0,0,7,proceed,cancel,2023-12-02 16:53:13.000,2023-12-10 08:24:23.000,3,3,1,0,2,2023-12-02 15:21:54,2023,12
6,31,INC47850102,"166,126,616",16,"6,322,477,090","5,802,727,114","52,728,393","572,540,760",10,3,0,0,1,0,0,5,proceed,cancel,2023-12-02 04:16:24.000,2023-12-09 07:47:40.000,3,3,1,0,2,2023-12-01 13:49:19,2023,12
6,24,INC47856447,"140,946,784",105,"5,848,267,268","5,848,267,268","61,667,736","-99,999",3,5,0,0,0,0,0,5,proceed,cancel,2023-12-01 23:53:14.000,2023-12-03 14:49:57.000,3,3,1,0,2,2023-12-01 22:44:33,2023,12
6,24,INC47849852,"266,226,194",121,"6,313,447,475","6,867,816,819","103,830,082","569,295,949",6,3,0,0,1,0,0,15,proceed,cancel,2023-12-12 13:26:37.000,2023-12-16 08:02:03.000,3,3,1,0,2,2023-12-01 13:24:55,2023,12
6,24,INC47848777,"140,946,784",105,"5,848,267,268","5,848,267,268","80,859,673","-99,999",3,3,0,0,0,0,0,7,proceed,cancel,2023-12-01 11:23:13.000,2023-12-03 14:46:40.000,3,3,1,0,2,2023-12-01 08:06:52,2023,12
6,24,INC47859940,"140,946,784",105,"5,848,267,268","5,848,267,268","76,615,600","-99,999",3,3,0,0,0,0,0,9,proceed,cancel,2023-12-04 18:53:13.000,2023-12-12 08:13:13.000,3,3,1,0,2,2023-12-02 21:08:18,2023,12
6,24,INC47858066,"140,946,784",105,"5,848,267,268","5,848,267,268","76,615,600","-99,999",3,3,0,0,0,0,0,7,proceed,cancel,2023-12-02 12:23:13.000,2023-12-10 08:23:49.000,3,3,1,0,2,2023-12-02 11:06:23,2023,12
6,24,INC47856902,"166,126,616",121,"5,759,423,830","5,703,041,143","87,971,197","215,137,248",6,5,0,0,1,0,0,6,proceed,cancel,2023-12-04 19:47:04.000,2023-12-12 09:10:01.000,2,3,1,0,2,2023-12-02 00:17:59,2023,12
6,24,INC47849203,"266,226,194",121,"6,200,018,870","6,200,018,870","103,974,889","569,276,714",6,3,0,1,0,1,0,5,proceed,cancel,2023-12-01 11:58:53.000,2023-12-05 09:21:25.000,3,3,1,0,2,2023-12-01 11:32:56,2023,12
6,24,INC47862803,"140,946,784",105,"5,848,267,268","-99,999","76,615,600","-99,999",3,5,0,0,0,0,0,15,proceed,cancel,2023-12-13 06:31:25.000,2023-12-13 06:31:25.000,3,3,1,0,2,2023-12-03 21:12:11,2023,12
6,24,INC47856455,"140,946,784",105,"5,848,267,268","5,848,267,268","61,667,736","-99,999",3,5,0,0,0,0,0,5,proceed,cancel,2023-12-01 23:53:14.000,2023-12-03 14:50:02.000,3,3,1,0,2,2023-12-01 22:45:47,2023,12
6,24,INC47855572,"140,946,784",105,"5,848,267,268","5,848,267,268","61,667,736","-99,999",3,3,0,0,0,0,0,9,proceed,cancel,2023-12-02 22:23:13.000,2023-12-10 08:22:43.000,3,3,1,0,2,2023-12-01 21:02:47,2023,12
6,31,INC47853628,"166,126,616",16,"5,703,039,254","5,802,727,114","52,728,393","575,972,787",10,3,0,0,1,1,0,9,proceed,cancel,2023-12-02 04:15:19.000,2023-12-09 07:47:41.000,3,3,1,0,2,2023-12-01 18:23:20,2023,12
6,24,INC47860807,"266,226,194",121,"6,352,927,241","6,352,927,241","103,974,889","569,311,341",6,3,0,1,0,1,0,5,proceed,cancel,2023-12-03 03:09:50.000,2023-12-06 09:18:27.000,3,3,1,0,2,2023-12-03 03:07:13,2023,12
6,24,INC47857683,"140,946,784",105,"5,848,267,268","5,848,267,268","76,615,600","-99,999",3,3,0,0,0,0,0,7,proceed,cancel,2023-12-02 07:53:14.000,2023-12-10 08:23:28.000,3,3,1,0,2,2023-12-02 06:22:22,2023,12
6,24,INC47861565,"140,946,784",105,"5,848,267,268","5,848,267,268","80,859,673","-99,999",3,3,0,0,0,0,0,8,proceed,cancel,2023-12-03 15:53:13.000,2023-12-15 07:46:57.000,3,3,1,0,2,2023-12-03 13:40:14,2023,12
6,24,INC47863695,"140,946,784",105,"5,848,267,268","5,848,267,268","80,859,673","-99,999",3,3,0,0,0,0,0,5,proceed,cancel,2023-12-04 06:53:13.000,2023-12-12 08:13:23.000,3,3,1,0,2,2023-12-04 05:40:39,2023,12
6,24,INC47862800,"166,126,616",121,"3,503,348,459","5,802,727,114","52,728,393","214,602,738",6,5,0,0,1,1,0,8,proceed,cancel,2023-12-04 17:14:41.000,2023-12-12 09:10:03.000,3,3,1,0,2,2023-12-03 21:11:16,2023,12
6,24,INC47863284,"140,946,784",105,"5,848,267,268","6,345,982,539","80,859,673","-99,999",3,3,0,0,0,0,0,8,proceed,cancel,2023-12-04 11:07:36.000,2023-12-04 11:08:09.000,3,3,1,0,2,2023-12-04 01:08:02,2023,12
6,24,INC47856671,"140,946,784",105,"5,848,267,268","5,848,267,268","76,615,600","-99,999",3,3,0,0,0,0,0,8,proceed,cancel,2023-12-02 00:53:13.000,2023-12-09 07:42:55.000,3,3,1,0,2,2023-12-01 23:26:13,2023,12
6,24,INC47860980,"140,946,784",105,"5,848,267,268","5,848,267,268","76,615,600","-99,999",3,3,0,0,0,0,0,7,proceed,cancel,2023-12-03 07:23:14.000,2023-12-11 08:02:23.000,3,3,1,0,2,2023-12-03 05:22:24,2023,12
6,24,INC47857287,"140,946,784",105,"5,848,267,268","5,848,267,268","76,615,600","-99,999",3,3,0,0,0,0,0,7,proceed,cancel,2023-12-02 03:23:13.000,2023-12-09 07:42:57.000,3,3,1,0,2,2023-12-02 02:19:22,2023,12
6,24,INC47856446,"140,946,784",105,"5,848,267,268","5,848,267,268","61,667,736","-99,999",3,5,0,0,0,0,0,5,proceed,cancel,2023-12-01 23:53:14.000,2023-12-03 14:49:59.000,3,3,1,0,2,2023-12-01 22:44:30,2023,12
6,31,INC47850531,"140,946,784",122,"6,323,104,377","6,293,179,578","76,615,600","-99,999",10,3,0,0,3,0,0,25,proceed,cancel,2024-01-03 12:09:25.000,2024-01-03 12:10:23.000,3,3,1,0,2,2023-12-01 14:26:11,2023,12
6,24,INC47851773,"166,126,616",121,"6,853,836,737","6,770,881,793","52,728,392","561,183,411",6,3,0,0,1,1,0,5,proceed,cancel,2023-12-01 16:20:18.000,2023-12-09 07:47:40.000,3,3,1,0,2,2023-12-01 16:06:32,2023,12
6,24,INC47851831,"266,226,194",121,"6,264,845,105","6,867,816,743","103,830,082","569,393,147",6,3,0,1,1,1,0,18,proceed,cancel,2023-12-05 18:11:26.000,2023-12-09 07:56:50.000,3,3,1,0,2,2023-12-01 16:10:49,2023,12
6,24,INC47855610,"266,226,194",121,"6,352,927,241","6,352,927,241","103,974,889","569,380,783",6,3,0,1,0,1,0,5,proceed,cancel,2023-12-01 21:12:05.000,2023-12-05 09:21:29.000,3,3,1,0,2,2023-12-01 21:05:59,2023,12
6,24,INC47856942,"140,946,784",105,"5,848,267,268","5,848,267,268","80,859,673","-99,999",3,3,0,0,0,0,0,44,proceed,cancel,2023-12-02 06:53:13.000,2023-12-15 07:46:55.000,3,3,1,0,2,2023-12-02 00:31:52,2023,12
6,24,INC47855438,"140,946,784",105,"5,848,267,268","5,848,267,268","76,615,600","-99,999",3,3,0,0,0,0,0,8,proceed,cancel,2023-12-01 22:53:15.000,2023-12-09 07:42:52.000,3,3,1,0,2,2023-12-01 20:49:53,2023,12
6,24,INC47863602,"140,946,784",105,"5,848,267,268","5,848,267,268","76,615,600","-99,999",3,3,0,0,0,0,0,8,proceed,cancel,2023-12-04 06:23:13.000,2023-12-15 07:46:58.000,3,3,1,0,2,2023-12-04 04:36:40,2023,12
6,24,INC47859305,"166,126,616",121,"5,767,480,430","5,703,040,455","52,728,392","214,700,237",10,3,0,0,1,1,0,12,proceed,cancel,2023-12-04 17:25:56.000,2023-12-12 09:10:01.000,3,3,1,0,2,2023-12-02 18:24:18,2023,12
6,24,INC47862686,"266,226,194",121,"6,251,464,626","6,264,845,105","103,974,889","569,262,527",6,3,0,1,0,1,0,13,proceed,cancel,2023-12-04 17:34:11.000,2023-12-08 08:02:51.000,3,3,1,0,2,2023-12-03 20:28:04,2023,12
6,24,INC47855428,"266,226,194",121,"6,799,802,581","6,817,329,706","103,830,082","569,280,921",6,3,0,0,1,1,0,14,proceed,cancel,2023-12-04 19:26:39.000,2023-12-08 08:02:48.000,3,3,1,0,2,2023-12-01 20:48:22,2023,12
6,31,INC47858651,"166,126,616",16,"6,816,701,351","6,816,701,351","52,729,432","414,126,732",6,3,0,1,0,0,0,3,proceed,cancel,2023-12-02 15:10:16.000,2023-12-10 10:18:36.000,3,3,1,0,2,2023-12-02 15:02:30,2023,12
6,24,INC47853567,"140,946,784",105,"5,848,267,268","5,848,267,268","76,615,600","-99,999",3,3,0,0,0,0,0,8,proceed,cancel,2023-12-01 21:23:13.000,2023-12-09 07:42:50.000,3,3,1,0,2,2023-12-01 18:18:13,2023,12
6,24,INC47856443,"140,946,784",105,"5,848,267,268","5,848,267,268","61,667,736","-99,999",3,3,0,0,0,0,0,7,proceed,cancel,2023-12-01 23:53:14.000,2023-12-03 14:49:59.000,3,3,1,0,2,2023-12-01 22:44:16,2023,12
6,24,INC47853447,"266,226,194",121,"3,790,156,078","6,313,447,475","103,974,889","569,319,384",10,3,0,1,0,1,0,19,proceed,cancel,2023-12-04 18:01:06.000,2023-12-08 08:02:46.000,3,3,1,0,2,2023-12-01 18:07:20,2023,12
6,24,INC47863690,"140,946,784",105,"5,848,267,268","5,848,267,268","80,859,673","-99,999",3,3,0,0,0,0,0,21,proceed,cancel,2023-12-04 08:53:13.000,2023-12-15 07:46:59.000,3,3,1,0,2,2023-12-04 05:36:31,2023,12
6,24,INC47863282,"140,946,784",105,"5,848,267,268","5,848,267,268","76,615,600","-99,999",3,3,0,0,0,0,0,7,proceed,cancel,2023-12-04 04:23:13.000,2023-12-04 07:46:16.000,3,3,1,0,2,2023-12-04 01:07:50,2023,12
6,24,INC47862599,"266,226,194",121,"6,204,928,876","6,313,447,475","103,974,889","569,280,921",6,3,0,1,0,1,0,12,proceed,cancel,2023-12-07 17:34:43.000,2023-12-11 09:07:28.000,3,3,1,0,2,2023-12-03 19:59:35,2023,12
6,24,INC47861760,"140,946,784",105,"5,848,267,268","5,848,267,268","76,615,600","-99,999",3,3,0,0,0,0,0,7,proceed,cancel,2023-12-03 17:53:23.000,2023-12-11 08:02:30.000,3,3,1,0,2,2023-12-03 15:10:23,2023,12
6,24,INC47859942,"140,946,784",105,"5,848,267,268","5,848,267,268","76,615,600","-99,999",3,3,0,0,0,0,0,9,proceed,cancel,2023-12-04 18:53:13.000,2023-12-12 08:13:15.000,3,3,1,0,2,2023-12-02 21:08:21,2023,12
6,31,INC47859161,"266,226,194",16,"6,204,928,876","6,313,447,475","103,974,889","569,465,840",6,3,0,1,0,1,0,17,proceed,cancel,2023-12-11 20:42:40.000,2023-12-15 07:59:13.000,3,3,1,0,2,2023-12-02 17:42:16,2023,12
6,24,INC47862965,"266,226,194",121,"6,352,927,241","6,313,447,475","103,974,889","569,277,277",6,3,0,1,0,1,0,16,proceed,cancel,2023-12-07 17:41:10.000,2023-12-10 10:26:02.000,3,3,1,0,2,2023-12-03 22:16:54,2023,12
6,24,INC47860816,"140,946,784",105,"5,848,267,268","5,848,267,268","76,615,600","-99,999",3,3,0,0,0,0,0,5,proceed,cancel,2023-12-03 04:23:13.000,2023-12-03 15:00:30.000,3,3,1,0,2,2023-12-03 03:10:52,2023,12
6,24,INC47861320,"140,946,784",105,"5,848,267,268","5,848,267,268","76,615,600","-99,999",3,3,0,0,0,0,0,7,proceed,cancel,2023-12-03 15:53:13.000,2023-12-11 08:02:26.000,3,3,1,0,2,2023-12-03 10:34:44,2023,12
6,24,INC47862908,"266,226,194",121,"6,352,927,241","6,838,119,269","103,974,889","569,277,277",6,3,0,1,2,1,0,15,proceed,cancel,2023-12-04 14:44:34.000,2023-12-10 10:26:03.000,3,3,1,0,2,2023-12-03 21:46:37,2023,12
6,24,INC47857813,"140,946,784",105,"5,848,267,268","5,848,267,268","76,615,600","-99,999",3,3,0,0,0,0,0,8,proceed,cancel,2023-12-02 10:23:13.000,2023-12-10 08:23:34.000,3,3,1,0,2,2023-12-02 07:25:52,2023,12
6,31,INC47860218,"140,946,784",16,"6,230,797,880","305,267","41,927,742","-99,999",10,3,0,0,2,0,0,17,proceed,cancel,2023-12-04 19:10:13.000,2023-12-12 08:13:17.000,3,3,1,0,2,2023-12-02 22:30:18,2023,12
6,24,INC47862319,"140,946,784",105,"5,848,267,268","5,848,267,268","76,615,600","-99,999",3,3,0,0,0,0,0,7,proceed,cancel,2023-12-03 19:53:13.000,2023-12-11 08:02:32.000,3,3,1,0,2,2023-12-03 18:14:41,2023,12
6,24,INC47860830,"140,946,784",105,"5,848,267,268","5,848,267,268","76,615,600","-99,999",3,3,0,0,0,0,0,8,proceed,cancel,2023-12-03 05:53:13.000,2023-12-10 08:26:32.000,3,3,1,0,2,2023-12-03 03:22:33,2023,12
6,24,INC47861516,"140,946,784",105,"5,848,267,268","5,848,267,268","76,615,600","-99,999",3,3,0,0,0,0,0,8,proceed,cancel,2023-12-03 22:23:14.000,2023-12-11 08:02:27.000,3,3,1,0,2,2023-12-03 13:07:04,2023,12
6,24,INC47860810,"140,946,784",105,"5,848,267,268","5,848,267,268","76,615,600","-99,999",3,3,0,0,0,0,0,8,proceed,cancel,2023-12-03 04:23:14.000,2023-12-03 15:00:27.000,3,3,1,0,2,2023-12-03 03:09:33,2023,12
6,24,INC47862727,"140,946,784",105,"5,848,267,268","5,848,267,268","76,615,600","-99,999",3,5,0,0,0,0,0,9,proceed,cancel,2023-12-03 23:53:13.000,2023-12-11 08:02:34.000,3,3,1,0,2,2023-12-03 20:44:42,2023,12
6,24,INC47863734,"140,946,784",105,"5,848,267,268","5,848,267,268","76,615,600","-99,999",3,3,0,0,0,0,0,8,proceed,cancel,2023-12-04 07:53:13.000,2023-12-15 07:47:00.000,3,3,1,0,2,2023-12-04 06:04:41,2023,12
6,24,INC47858283,"140,946,784",105,"5,848,267,268","5,848,267,268","80,859,673","-99,999",3,3,0,0,0,0,0,20,proceed,cancel,2023-12-02 15:53:14.000,2023-12-10 08:24:19.000,3,3,1,0,2,2023-12-02 13:07:48,2023,12
6,31,INC47860617,"166,126,616",16,"3,503,348,459","5,703,038,618","52,728,391","571,419,514",2,3,0,0,4,1,0,10,proceed,cancel,2023-12-12 16:40:48.000,2023-12-20 08:26:32.000,3,3,1,0,2,2023-12-03 01:09:31,2023,12
6,24,INC47861119,"140,946,784",105,"5,848,267,268","5,848,267,268","76,615,600","-99,999",3,3,0,0,0,0,0,7,proceed,cancel,2023-12-03 10:53:13.000,2023-12-11 08:02:24.000,3,3,1,0,2,2023-12-03 07:14:04,2023,12
6,24,INC47863217,"140,946,784",105,"5,848,267,268","5,848,267,268","76,615,600","-99,999",3,3,0,0,0,0,0,8,proceed,cancel,2023-12-04 01:53:13.000,2023-12-04 07:46:18.000,3,3,1,0,2,2023-12-04 00:31:13,2023,12
6,24,INC47858706,"166,126,616",121,"6,739,590,713","5,703,040,921","52,728,392","561,183,411",10,3,0,1,1,1,0,9,proceed,cancel,2023-12-02 19:07:45.000,2023-12-10 10:18:36.000,3,3,1,0,2,2023-12-02 15:15:50,2023,12
6,31,INC47862843,"266,226,194",122,"3,790,156,078","6,838,119,269","103,974,889","569,262,527",4,3,0,1,0,1,0,9,proceed,cancel,2023-12-04 19:23:08.000,2023-12-08 08:02:52.000,3,3,1,0,2,2023-12-03 21:24:18,2023,12
6,24,INC47859436,"266,226,194",121,"6,204,928,876","6,817,328,029","103,830,082","569,280,921",6,3,0,1,1,1,0,20,proceed,cancel,2023-12-04 13:07:00.000,2023-12-08 08:02:51.000,3,3,1,0,2,2023-12-02 19:06:13,2023,12
6,24,INC47863613,"140,946,784",105,"5,848,267,268","5,848,267,268","76,615,600","-99,999",3,3,0,0,0,0,0,7,proceed,cancel,2023-12-04 06:23:13.000,2023-12-12 08:13:20.000,3,3,1,0,2,2023-12-04 04:50:50,2023,12
6,24,INC47862622,"266,226,194",121,"6,352,927,241","6,313,447,475","103,974,889","569,288,150",6,3,0,1,0,1,0,20,proceed,cancel,2023-12-08 13:39:56.000,2023-12-12 09:21:06.000,3,3,1,0,2,2023-12-03 20:07:39,2023,12
6,24,INC47859953,"140,946,784",105,"5,848,267,268","5,848,267,268","76,615,600","-99,999",3,5,0,0,0,0,0,8,proceed,cancel,2023-12-03 14:23:13.000,2023-12-11 08:02:20.000,3,3,1,0,2,2023-12-02 21:10:16,2023,12
6,31,INC47859608,"166,126,616",122,"3,503,348,459","6,016,140,447","52,728,392","561,183,411",6,3,0,0,1,1,0,5,proceed,cancel,2023-12-05 14:10:00.000,2023-12-13 08:43:55.000,3,3,1,0,2,2023-12-02 19:59:24,2023,12
6,24,INC47859912,"140,946,784",105,"5,848,267,268","5,848,267,268","76,615,600","-99,999",3,3,0,0,0,0,0,14,proceed,cancel,2023-12-05 22:23:18.000,2023-12-13 07:53:50.000,3,3,1,0,2,2023-12-02 21:03:16,2023,12
6,24,INC47863369,"166,126,616",121,"3,503,348,459","5,802,727,114","52,728,393","215,117,249",6,3,0,0,1,1,0,5,proceed,cancel,2023-12-04 17:53:00.000,2023-12-12 09:10:04.000,3,3,1,0,2,2023-12-04 02:02:34,2023,12
6,24,INC47862805,"140,946,784",105,"5,848,267,268","5,848,267,268","76,615,600","-99,999",3,5,0,0,0,0,0,12,proceed,cancel,2023-12-04 02:23:14.000,2023-12-12 08:13:17.000,3,3,1,0,2,2023-12-03 21:12:14,2023,12
6,24,INC47859943,"140,946,784",105,"5,848,267,268","5,848,267,268","76,615,600","-99,999",3,3,0,0,0,0,0,27,proceed,cancel,2023-12-04 18:53:14.000,2023-12-12 08:13:16.000,3,3,1,0,2,2023-12-02 21:08:23,2023,12
6,24,INC47863219,"140,946,784",105,"5,848,267,268","5,848,267,268","76,615,600","-99,999",3,3,0,0,0,0,0,8,proceed,cancel,2023-12-04 01:53:13.000,2023-12-04 07:46:19.000,3,3,1,0,2,2023-12-04 00:31:16,2023,12
6,31,INC47862768,"166,126,616",16,"3,503,348,459","3,503,348,459","52,729,432","571,333,591",6,3,0,1,0,0,0,4,proceed,cancel,2023-12-05 02:09:50.000,2023-12-12 09:10:03.000,3,3,1,0,2,2023-12-03 21:00:41,2023,12
6,24,INC47862782,"140,946,784",105,"5,848,267,268","5,848,267,268","76,615,600","-99,999",3,3,0,0,0,0,0,9,proceed,cancel,2023-12-04 07:23:13.000,2023-12-04 08:05:39.000,3,3,1,0,2,2023-12-03 21:05:12,2023,12
6,24,INC47860893,"166,126,616",121,"6,869,511,147","6,322,476,946","52,729,065","572,563,904",10,3,0,0,1,1,0,5,proceed,cancel,2024-01-02 17:14:51.000,2024-01-10 09:17:26.000,3,3,1,0,2,2023-12-03 04:17:53,2023,12
6,24,INC47857998,"140,946,784",105,"5,848,267,268","5,848,267,268","76,615,600","-99,999",3,3,0,0,0,0,0,7,proceed,cancel,2023-12-02 20:53:14.000,2023-12-05 03:22:12.000,3,3,1,0,2,2023-12-02 10:01:05,2023,12
6,24,INC47858216,"140,946,784",105,"5,848,267,268","5,848,267,268","76,615,600","-99,999",3,3,0,0,0,0,0,7,proceed,cancel,2023-12-02 14:53:13.000,2023-12-10 08:24:12.000,3,3,1,0,2,2023-12-02 12:46:14,2023,12
6,24,INC47862438,"266,226,194",121,"6,204,928,876","6,313,447,475","103,974,889","569,280,921",6,3,0,1,0,1,0,14,proceed,cancel,2023-12-07 17:31:46.000,2023-12-11 09:07:27.000,3,3,1,0,2,2023-12-03 19:03:14,2023,12
6,24,INC47863685,"140,946,784",105,"5,848,267,268","5,848,267,268","80,859,673","-99,999",3,3,0,0,0,0,0,7,proceed,cancel,2023-12-04 06:53:13.000,2023-12-12 08:13:21.000,3,3,1,0,2,2023-12-04 05:34:21,2023,12
6,24,INC47862473,"140,946,784",105,"5,848,267,268","5,848,267,268","76,615,600","-99,999",3,3,0,0,0,0,0,7,proceed,cancel,2023-12-04 00:53:13.000,2023-12-11 08:02:33.000,3,3,1,0,2,2023-12-03 19:18:52,2023,12
6,24,INC47863350,"140,946,784",105,"5,848,267,268","5,848,267,268","76,615,600","-99,999",3,3,0,0,0,0,0,7,proceed,cancel,2023-12-04 03:23:13.000,2023-12-11 08:02:38.000,3,3,1,0,2,2023-12-04 01:46:31,2023,12
6,31,INC47862623,"166,126,616",16,"3,503,348,459","3,503,348,459","52,729,432","571,263,657",6,3,0,1,0,0,0,4,proceed,cancel,2023-12-05 02:08:26.000,2023-12-12 09:10:03.000,3,3,1,0,2,2023-12-03 20:07:42,2023,12
6,24,INC47862598,"266,226,194",121,"6,251,464,626","6,264,845,105","103,974,889","569,262,527",6,3,0,1,0,1,0,15,proceed,cancel,2023-12-06 19:21:20.000,2023-12-10 10:25:44.000,3,3,1,0,2,2023-12-03 19:59:34,2023,12
6,24,INC47862179,"140,946,784",105,"5,848,267,268","5,848,267,268","80,859,673","-99,999",3,3,0,0,0,0,0,8,proceed,cancel,2023-12-03 18:53:13.000,2023-12-04 11:08:05.000,3,3,1,0,2,2023-12-03 17:25:55,2023,12
6,24,INC47859954,"140,946,784",105,"5,848,267,268","6,293,179,578","61,667,736","-99,999",3,5,0,0,0,0,0,15,proceed,cancel,2024-01-27 11:05:35.000,2024-01-27 11:06:32.000,3,3,1,0,2,2023-12-02 21:10:18,2023,12
6,24,INC47857880,"140,946,784",105,"5,848,267,268","5,848,267,268","80,859,673","-99,999",3,3,0,0,0,0,0,12,proceed,cancel,2023-12-02 10:23:13.000,2023-12-15 07:46:55.000,3,3,1,0,2,2023-12-02 08:19:52,2023,12
6,24,INC47863307,"166,126,616",51,"6,746,248,500","5,703,040,455","52,728,392","572,563,856",10,3,0,0,2,0,0,6,proceed,cancel,2023-12-04 20:45:45.000,2023-12-12 09:10:04.000,3,3,1,0,2,2023-12-04 01:19:18,2023,12
6,31,INC47859286,"266,226,194",16,"6,204,928,876","6,313,447,475","103,974,889","569,465,840",6,3,0,1,0,1,0,8,proceed,cancel,2023-12-06 14:44:56.000,2023-12-10 10:25:43.000,3,3,1,0,2,2023-12-02 18:17:23,2023,12
6,24,INC47860035,"140,946,784",105,"5,848,267,268","5,848,267,268","80,859,673","-99,999",3,5,0,0,0,0,0,9,proceed,cancel,2023-12-02 22:53:13.000,2023-12-10 08:24:58.000,3,3,1,0,2,2023-12-02 21:35:27,2023,12
6,24,INC47863691,"140,946,784",105,"5,848,267,268","5,848,267,268","80,859,673","-99,999",3,3,0,0,0,0,0,24,proceed,cancel,2023-12-04 08:53:14.000,2023-12-12 08:13:22.000,3,3,1,0,2,2023-12-04 05:36:32,2023,12
6,24,INC47862180,"140,946,784",105,"5,848,267,268","5,848,267,268","80,859,673","-99,999",3,3,0,0,0,0,0,8,proceed,cancel,2023-12-03 18:53:14.000,2023-12-04 11:08:08.000,3,3,1,0,2,2023-12-03 17:25:56,2023,12
6,24,INC47863216,"140,946,784",105,"5,848,267,268","5,848,267,268","76,615,600","-99,999",3,3,0,0,0,0,0,8,proceed,cancel,2023-12-04 01:53:13.000,2023-12-04 07:46:17.000,3,3,1,0,2,2023-12-04 00:31:12,2023,12
6,24,INC47862804,"140,946,784",105,"5,848,267,268","5,848,267,268","80,859,673","-99,999",3,5,0,0,0,0,0,8,proceed,cancel,2023-12-04 02:23:14.000,2023-12-11 08:02:35.000,3,3,1,0,2,2023-12-03 21:12:12,2023,12
6,24,INC47858183,"140,946,784",105,"5,848,267,268","5,848,267,268","80,859,673","-99,999",3,3,0,0,0,0,0,21,proceed,cancel,2023-12-02 15:53:14.000,2023-12-15 07:46:56.000,3,3,1,0,2,2023-12-02 12:19:54,2023,12
6,24,INC47860622,"166,126,616",51,"6,322,476,869","5,703,040,455","52,728,392","571,411,473",4,3,0,0,1,0,0,7,proceed,cancel,2023-12-05 17:30:24.000,2023-12-13 08:43:56.000,3,3,1,0,2,2023-12-03 01:15:20,2023,12
6,24,INC47859941,"140,946,784",105,"5,848,267,268","5,848,267,268","76,615,600","-99,999",3,3,0,0,0,0,0,9,proceed,cancel,2023-12-04 18:53:13.000,2023-12-12 08:13:14.000,3,3,1,0,2,2023-12-02 21:08:20,2023,12
6,24,INC47860482,"140,946,784",105,"5,848,267,268","5,848,267,268","76,615,600","-99,999",3,3,0,0,0,0,0,7,proceed,cancel,2023-12-03 01:53:14.000,2023-12-10 08:25:50.000,3,3,1,0,2,2023-12-03 00:06:36,2023,12
6,24,INC47862468,"166,126,616",121,"5,759,423,830","5,802,727,114","52,728,393","215,070,509",6,3,0,0,1,0,0,7,proceed,cancel,2023-12-04 17:22:50.000,2023-12-12 09:10:02.000,3,3,1,0,2,2023-12-03 19:16:37,2023,12
6,24,INC47862700,"266,226,194",121,"6,352,927,241","6,817,328,779","103,830,079","569,462,314",6,5,0,0,2,1,0,22,proceed,cancel,2023-12-06 15:00:32.000,2023-12-10 10:25:45.000,3,2,1,0,1,2023-12-03 20:33:52,2023,12
6,25,INC47858395,"266,226,194",63,"6,204,928,876","6,204,928,876","103,974,889","569,357,766",6,3,0,1,0,1,0,5,proceed,cancel,2023-12-02 13:37:52.000,2023-12-06 09:18:26.000,3,3,1,0,2,2023-12-02 13:36:09,2023,12
6,24,INC47862548,"166,126,616",121,"5,767,482,532","5,703,040,455","52,728,392","215,117,249",10,3,0,0,2,1,0,8,proceed,cancel,2023-12-04 18:44:44.000,2023-12-12 09:10:02.000,3,3,1,0,2,2023-12-03 19:43:19,2023,12
6,24,INC47863429,"140,946,784",105,"5,848,267,268","5,848,267,268","76,615,600","-99,999",3,3,0,0,0,0,0,8,proceed,cancel,2023-12-04 05:23:13.000,2023-12-11 08:02:39.000,3,3,1,0,2,2023-12-04 02:38:30,2023,12
6,24,INC47863449,"166,126,616",51,"5,703,037,415","5,703,040,455","52,728,392","572,548,507",10,3,0,0,1,0,0,5,proceed,cancel,2023-12-13 19:48:08.000,2023-12-21 08:31:55.000,3,3,1,0,2,2023-12-04 02:48:49,2023,12
6,24,INC47861517,"140,946,784",105,"5,848,267,268","5,848,267,268","80,859,673","-99,999",3,3,0,0,0,0,0,8,proceed,cancel,2023-12-03 22:23:13.000,2023-12-11 08:02:28.000,3,3,1,0,2,2023-12-03 13:07:05,2023,12
6,24,INC47863196,"140,946,784",105,"5,848,267,268","5,848,267,268","76,615,600","-99,999",3,3,0,0,0,0,0,7,proceed,cancel,2023-12-04 01:53:14.000,2023-12-11 08:02:37.000,3,3,1,0,2,2023-12-04 00:18:32,2023,12
6,24,INC47863168,"266,226,194",121,"6,352,927,241","6,352,927,241","103,974,889","569,469,943",6,3,0,1,0,1,0,5,proceed,cancel,2023-12-04 00:09:25.000,2023-12-07 08:48:29.000,3,3,1,0,2,2023-12-04 00:04:33,2023,12
6,24,INC47861120,"140,946,784",105,"5,848,267,268","5,848,267,268","80,859,673","-99,999",3,5,0,0,0,0,0,9,proceed,cancel,2023-12-03 08:53:13.000,2023-12-11 08:02:25.000,3,3,1,0,2,2023-12-03 07:15:13,2023,12
6,24,INC47858000,"140,946,784",105,"5,848,267,268","5,848,267,268","76,615,600","-99,999",3,3,0,0,0,0,0,7,proceed,cancel,2023-12-02 21:53:13.000,2023-12-05 03:22:11.000,3,3,1,0,2,2023-12-02 10:01:08,2023,12
6,24,INC47862612,"266,226,194",121,"6,251,464,626","6,264,845,105","103,974,889","569,423,677",6,3,0,1,0,1,0,14,proceed,cancel,2023-12-06 12:53:10.000,2023-12-10 10:25:44.000,3,3,1,0,2,2023-12-03 20:04:25,2023,12
6,24,INC47863283,"140,946,784",105,"5,848,267,268","5,848,267,268","76,615,600","-99,999",3,3,0,0,0,0,0,7,proceed,cancel,2023-12-04 22:23:15.000,2023-12-12 08:13:18.000,3,3,1,0,2,2023-12-04 01:08:00,2023,12
6,24,INC47860817,"140,946,784",105,"5,848,267,268","5,848,267,268","76,615,600","-99,999",3,3,0,0,0,0,0,5,proceed,cancel,2023-12-03 04:23:13.000,2023-12-03 15:00:32.000,3,3,1,0,2,2023-12-03 03:10:53,2023,12
6,31,INC47858733,"166,126,616",16,"6,816,701,351","5,703,040,921","52,728,392","571,333,591",6,5,0,0,3,0,0,7,proceed,cancel,2023-12-02 19:04:59.000,2023-12-10 10:18:37.000,3,3,1,0,2,2023-12-02 15:22:02,2023,12
6,24,INC47862175,"140,946,784",105,"5,848,267,268","5,848,267,268","80,859,673","-99,999",3,3,0,0,0,0,0,8,proceed,cancel,2023-12-03 18:53:13.000,2023-12-04 11:08:07.000,3,3,1,0,2,2023-12-03 17:25:52,2023,12
6,24,INC47860814,"140,946,784",105,"5,848,267,268","5,848,267,268","76,615,600","-99,999",3,3,0,0,0,0,0,5,proceed,cancel,2023-12-03 04:23:13.000,2023-12-03 15:00:28.000,3,3,1,0,2,2023-12-03 03:10:49,2023,12
6,24,INC47858154,"140,946,784",105,"5,848,267,268","5,848,267,268","76,615,600","-99,999",3,3,0,0,0,0,0,7,proceed,cancel,2023-12-02 13:23:13.000,2023-12-10 08:24:04.000,3,3,1,0,2,2023-12-02 12:02:24,2023,12
6,31,INC47858966,"140,946,784",52,"6,218,754,222","5,916,170,592","76,615,600","-99,999",10,3,0,0,1,0,0,18,proceed,cancel,2023-12-04 04:34:30.000,2023-12-04 04:34:46.000,3,3,1,0,2,2023-12-02 16:43:10,2023,12
6,24,INC47860659,"140,946,784",105,"5,848,267,268","5,916,170,592","76,615,600","-99,999",3,3,0,0,0,0,0,16,proceed,cancel,2023-12-19 03:50:38.000,2023-12-19 03:54:31.000,3,3,1,0,2,2023-12-03 01:38:03,2023,12
2,31,INC47862232,"166,126,616",122,"5,981,059,375","-99,999","-99,999","-99,999",10,3,0,0,1,0,0,2,proceed,cancel,,,3,3,1,0,2,2023-12-03 17:42:18,2023,12
6,25,INC47858370,"266,226,194",63,"6,204,928,876","6,204,928,876","103,974,889","569,357,766",6,3,0,1,0,1,0,5,proceed,cancel,2023-12-02 14:11:40.000,2023-12-06 09:18:25.000,3,3,1,0,2,2023-12-02 13:29:50,2023,12
6,24,INC47863084,"140,946,784",105,"5,848,267,268","5,848,267,268","76,615,600","-99,999",3,5,0,0,0,0,0,10,proceed,cancel,2023-12-04 01:23:13.000,2023-12-11 08:02:36.000,3,3,1,0,2,2023-12-03 23:24:53,2023,12
6,24,INC47863800,"140,946,784",105,"5,848,267,268","5,848,267,268","76,615,600","-99,999",3,3,0,0,0,0,0,7,proceed,cancel,2023-12-04 08:53:13.000,2023-12-12 08:13:25.000,3,3,1,0,2,2023-12-04 06:47:00,2023,12
6,24,INC47862720,"266,226,194",121,"6,251,464,626","6,838,119,269","103,974,889","569,423,677",6,3,0,1,0,1,0,15,proceed,cancel,2023-12-07 17:07:25.000,2023-12-10 10:26:01.000,3,3,1,0,2,2023-12-03 20:42:53,2023,12
6,24,INC47853355,"166,126,616",121,"5,707,696,790","4,536,264,761","52,729,432","591,460,505",10,3,0,0,0,1,0,9,proceed,cancel,2023-12-07 17:35:43.000,2023-12-15 07:49:54.000,3,3,1,0,2,2023-12-01 17:59:44,2023,12
6,31,INC47850347,"140,946,784",104,"6,323,104,377","6,293,179,578","80,859,673","-99,999",10,3,0,0,1,0,0,16,proceed,cancel,2024-01-03 12:28:51.000,2024-01-03 12:29:12.000,3,3,1,0,2,2023-12-01 14:11:04,2023,12
6,24,INC47861566,"140,946,784",105,"5,848,267,268","5,848,267,268","80,859,673","-99,999",3,3,0,0,0,0,0,7,proceed,cancel,2023-12-03 15:53:13.000,2023-12-11 08:02:29.000,3,3,1,0,2,2023-12-03 13:40:16,2023,12
6,25,INC47856207,"266,226,194",63,"5,802,967,307","5,802,967,307","103,974,889","569,373,446",6,3,0,1,0,1,0,5,proceed,cancel,2023-12-01 22:15:15.000,2023-12-05 09:21:30.000,3,3,1,0,2,2023-12-01 22:11:18,2023,12
6,24,INC47863211,"140,946,784",105,"5,848,267,268","5,916,170,592","76,615,600","-99,999",3,5,0,0,0,0,0,11,proceed,cancel,2023-12-04 07:45:37.000,2023-12-04 07:46:02.000,3,3,1,0,2,2023-12-04 00:27:52,2023,12
6,24,INC47861925,"140,946,784",105,"5,848,267,268","5,848,267,268","76,615,600","-99,999",3,5,0,0,0,0,0,8,proceed,cancel,2023-12-03 17:23:14.000,2023-12-04 11:08:55.000,3,3,1,0,2,2023-12-03 16:11:41,2023,12
6,31,INC47856803,"166,126,616",122,"5,703,041,071","5,703,041,143","87,971,197","214,635,102",10,5,0,0,1,1,0,7,proceed,cancel,2024-01-05 16:00:20.000,2024-01-13 07:59:57.000,2,3,1,0,2,2023-12-01 23:57:21,2023,12
6,24,INC47861929,"140,946,784",105,"5,848,267,268","6,345,982,539","76,615,600","-99,999",3,3,0,0,0,0,0,13,proceed,cancel,2023-12-04 11:08:34.000,2023-12-04 11:08:51.000,3,3,1,0,2,2023-12-03 16:12:21,2023,12
6,31,INC47863199,"266,226,194",122,"3,790,156,078","6,817,329,706","103,830,082","569,255,282",10,3,0,0,1,0,0,11,proceed,cancel,2023-12-04 17:45:59.000,2023-12-08 08:02:53.000,3,3,1,0,2,2023-12-04 00:19:40,2023,12
6,24,INC47849081,"140,946,784",105,"5,848,267,268","5,848,267,268","76,615,600","-99,999",3,3,0,0,0,0,0,7,proceed,cancel,2023-12-01 12:23:13.000,2023-12-09 07:42:44.000,3,3,1,0,2,2023-12-01 10:53:33,2023,12
6,24,INC47915975,"140,946,784",105,"5,848,267,268","5,848,267,268","80,859,673","-99,999",3,3,0,0,0,0,0,7,proceed,cancel,2023-12-09 01:53:13.000,2023-12-16 07:45:09.000,3,3,1,0,2,2023-12-08 23:56:12,2023,12
6,25,INC47911432,"166,126,616",63,"2,438,429,805","2,438,429,805","52,729,432","215,060,468",6,3,0,1,0,1,0,3,proceed,cancel,2023-12-08 16:05:54.000,2023-12-16 07:52:09.000,3,3,1,0,2,2023-12-08 16:04:21,2023,12
6,24,INC47916473,"140,946,784",105,"5,848,267,268","5,848,267,268","80,859,673","-99,999",3,3,0,0,0,0,0,19,proceed,cancel,2023-12-09 05:53:14.000,2023-12-16 07:45:10.000,3,3,1,0,2,2023-12-09 03:32:10,2023,12
6,24,INC47916618,"140,946,784",105,"5,848,267,268","5,848,267,268","76,615,600","-99,999",3,3,0,0,0,0,0,9,proceed,cancel,2023-12-09 07:23:13.000,2023-12-14 07:12:46.000,3,3,1,0,2,2023-12-09 05:20:53,2023,12
6,24,INC47916491,"140,946,784",105,"5,848,267,268","5,848,267,268","76,615,600","-99,999",3,5,0,0,0,0,0,9,proceed,cancel,2023-12-09 05:23:13.000,2023-12-14 07:12:52.000,3,3,1,0,2,2023-12-09 03:50:08,2023,12
6,31,INC47911011,"166,126,616",122,"5,796,265,180","5,703,038,618","52,728,391","412,084,640",10,3,0,0,2,1,0,8,proceed,cancel,2023-12-11 13:52:21.000,2023-12-19 08:50:41.000,3,3,1,0,2,2023-12-08 15:38:04,2023,12
6,24,INC47906446,"140,946,784",105,"5,848,267,268","5,848,267,268","76,615,600","-99,999",3,3,0,0,0,0,0,7,proceed,cancel,2023-12-08 08:23:13.000,2023-12-16 07:44:58.000,3,3,1,0,2,2023-12-08 06:58:56,2023,12
6,31,INC47913372,"166,126,616",122,"5,703,040,664","5,703,040,455","52,728,392","215,177,230",10,3,0,0,1,0,0,7,proceed,cancel,2024-01-03 17:24:36.000,2024-01-11 08:31:38.000,3,3,1,0,2,2023-12-08 18:27:59,2023,12
6,25,INC47913341,"166,126,616",63,"6,819,139,276","6,819,139,276","52,729,432","215,167,115",2,3,0,1,0,1,0,3,proceed,cancel,2023-12-08 18:28:16.000,2023-12-16 07:52:11.000,3,3,1,0,2,2023-12-08 18:24:59,2023,12
6,31,INC47914652,"166,126,616",16,"6,816,701,351","6,816,701,351","52,729,432","215,070,509",6,3,0,1,0,0,0,3,proceed,cancel,2023-12-08 20:24:57.000,2023-12-16 07:52:12.000,3,3,1,0,2,2023-12-08 20:15:13,2023,12
6,24,INC47906505,"140,946,784",105,"5,848,267,268","5,848,267,268","76,615,600","-99,999",3,3,0,0,0,0,0,7,proceed,cancel,2023-12-08 08:53:14.000,2023-12-16 07:45:02.000,3,3,1,0,2,2023-12-08 07:39:16,2023,12
6,31,INC47914425,"166,126,616",16,"6,819,139,276","6,819,139,276","52,729,432","215,060,468",6,3,0,1,0,1,0,7,proceed,cancel,2023-12-08 20:06:43.000,2023-12-16 07:52:12.000,3,3,1,0,2,2023-12-08 19:53:55,2023,12
6,31,INC47914604,"166,126,616",52,"6,278,127,787","5,703,040,921","67,354,644","-99,999",10,3,0,0,2,0,0,5,proceed,cancel,2024-01-19 18:17:07.000,2024-01-27 07:46:19.000,3,3,1,0,2,2023-12-08 20:10:28,2023,12
6,24,INC47908123,"140,946,784",105,"5,848,267,268","5,848,267,268","76,615,600","-99,999",3,5,0,0,0,0,0,7,proceed,cancel,2023-12-08 12:53:15.000,2023-12-09 08:36:44.000,3,3,1,0,2,2023-12-08 11:31:28,2023,12
6,31,INC47916528,"140,946,784",16,"6,293,179,578","5,880,006,197","41,927,742","-99,999",10,3,0,1,2,0,0,18,proceed,cancel,2023-12-11 22:10:14.000,2023-12-19 08:04:10.000,3,3,1,0,2,2023-12-09 04:21:53,2023,12
6,24,INC47910066,"140,946,784",105,"5,848,267,268","5,848,267,268","61,667,736","-99,999",3,5,0,0,0,0,0,7,proceed,cancel,2023-12-08 15:23:13.000,2023-12-16 07:45:06.000,3,3,1,0,2,2023-12-08 14:16:31,2023,12
6,24,INC47914483,"166,126,616",121,"6,006,066,154","6,842,456,985","52,729,432","215,060,468",10,3,0,1,0,1,0,8,proceed,cancel,2023-12-08 22:06:15.000,2023-12-16 07:52:12.000,3,3,1,0,2,2023-12-08 19:59:26,2023,12
6,24,INC47916571,"140,946,784",105,"5,848,267,268","5,848,267,268","76,615,600","-99,999",3,3,0,0,0,0,0,7,proceed,cancel,2023-12-09 20:23:13.000,2023-12-14 07:12:53.000,3,3,1,0,2,2023-12-09 04:56:59,2023,12
6,24,INC47914566,"166,126,616",121,"6,816,701,351","5,703,040,921","52,728,392","414,126,732",2,3,0,0,1,0,0,8,proceed,cancel,2023-12-11 11:26:46.000,2023-12-19 08:50:41.000,3,3,1,0,2,2023-12-08 20:06:15,2023,12
6,31,INC47914132,"166,126,616",122,"2,438,429,805","6,770,881,793","52,728,392","414,126,732",2,3,0,0,1,0,0,5,proceed,cancel,2023-12-09 01:24:28.000,2023-12-16 07:52:11.000,3,3,1,0,2,2023-12-08 19:35:37,2023,12
6,24,INC47915138,"140,946,784",105,"5,848,267,268","6,345,982,539","80,859,673","-99,999",3,3,0,0,0,0,0,7,proceed,cancel,2023-12-09 08:22:23.000,2023-12-09 08:22:41.000,3,3,1,0,2,2023-12-08 21:12:58,2023,12
6,24,INC47913031,"166,126,616",121,"541,413","541,413","52,729,432","413,902,537",6,3,0,1,0,1,0,4,proceed,cancel,2023-12-08 18:05:50.000,2023-12-16 07:52:10.000,3,3,1,0,2,2023-12-08 17:56:41,2023,12
6,31,INC47910703,"166,126,616",122,"2,438,429,805","5,703,040,921","52,728,392","571,359,621",6,3,0,0,1,0,0,6,proceed,cancel,2023-12-08 15:57:13.000,2023-12-16 07:52:08.000,3,3,1,0,2,2023-12-08 15:12:18,2023,12
6,24,INC47909086,"266,226,194",121,"6,838,119,269","6,838,119,269","103,974,889","569,311,341",6,3,0,1,0,1,0,5,proceed,cancel,2023-12-08 12:41:57.000,2023-12-12 09:21:18.000,3,3,1,0,2,2023-12-08 12:36:57,2023,12
6,24,INC47916500,"140,946,784",105,"5,848,267,268","5,848,267,268","76,615,600","-99,999",3,3,0,0,0,0,0,9,proceed,cancel,2023-12-09 05:23:14.000,2023-12-14 07:12:54.000,3,3,1,0,2,2023-12-09 03:53:18,2023,12
6,31,INC47911608,"166,126,616",16,"6,819,139,276","6,819,139,276","52,729,432","571,456,467",6,3,0,1,0,0,0,3,proceed,cancel,2023-12-08 16:30:34.000,2023-12-16 07:52:09.000,3,3,1,0,2,2023-12-08 16:18:29,2023,12
6,24,INC47906571,"140,946,784",105,"5,848,267,268","5,848,267,268","76,615,600","-99,999",3,3,0,0,0,0,0,32,proceed,cancel,2023-12-11 04:53:13.000,2023-12-18 08:00:00.000,3,3,1,0,2,2023-12-08 08:39:26,2023,12
6,24,INC47916424,"166,126,616",51,"5,703,037,422","5,703,040,921","52,728,392","591,460,505",10,5,0,0,1,1,0,10,proceed,cancel,2023-12-11 11:08:45.000,2023-12-19 08:50:42.000,2,3,1,0,2,2023-12-09 02:55:20,2023,12
6,24,INC47907999,"266,226,194",121,"6,304,994,586","6,304,994,586","103,974,889","569,280,921",6,3,0,1,0,1,0,5,proceed,cancel,2023-12-08 11:24:49.000,2023-12-12 09:21:17.000,3,3,1,0,2,2023-12-08 11:22:14,2023,12
6,24,INC47914744,"166,126,616",121,"4,536,264,761","4,536,264,761","52,729,432","414,126,733",6,3,0,1,0,0,0,3,proceed,cancel,2023-12-08 20:35:10.000,2023-12-16 07:52:13.000,3,3,1,0,2,2023-12-08 20:24:24,2023,12
6,24,INC47910196,"266,226,194",51,"3,790,156,078","6,867,816,819","103,830,082","569,411,669",10,3,0,0,1,1,0,13,proceed,cancel,2023-12-12 16:12:26.000,2023-12-16 08:02:07.000,3,3,1,0,2,2023-12-08 14:27:57,2023,12
6,24,INC47913546,"266,226,194",121,"3,790,156,078","6,817,328,779","103,830,084","569,381,233",10,2,0,0,1,1,0,19,proceed,cancel,2023-12-08 18:58:15.000,2023-12-12 09:21:20.000,3,1,1,0,3,2023-12-08 18:44:49,2023,12
6,24,INC47908153,"266,226,194",121,"6,200,018,870","6,264,845,105","103,974,889","569,255,282",6,3,0,1,2,0,0,26,proceed,cancel,2023-12-12 12:38:16.000,2023-12-16 08:02:07.000,3,3,1,0,2,2023-12-08 11:33:34,2023,12
6,24,INC47906610,"140,946,784",105,"5,848,267,268","5,848,267,268","80,859,673","-99,999",3,3,0,0,0,0,0,7,proceed,cancel,2023-12-08 11:53:13.000,2023-12-16 07:45:03.000,3,3,1,0,2,2023-12-08 09:00:08,2023,12
6,24,INC47906455,"140,946,784",105,"5,848,267,268","5,848,267,268","76,615,600","-99,999",3,3,0,0,0,0,0,8,proceed,cancel,2023-12-08 08:23:13.000,2023-12-16 07:45:00.000,3,3,1,0,2,2023-12-08 07:02:15,2023,12
6,24,INC48015435,"266,226,194",51,"5,802,967,307","5,802,967,307","103,974,889","569,316,741",6,3,0,1,0,1,0,5,proceed,cancel,2023-12-21 22:06:22.000,2023-12-25 08:47:14.000,3,3,1,0,2,2023-12-21 21:57:31,2023,12
6,31,INC48012839,"166,126,616",122,"6,059,120,522","5,703,041,013","52,728,393","571,300,385",10,3,0,0,1,1,0,6,proceed,cancel,2023-12-28 02:16:21.000,2024-01-04 07:46:30.000,3,3,1,0,2,2023-12-21 17:38:27,2023,12
6,24,INC48016217,"140,946,784",105,"5,848,267,268","5,848,267,268","80,859,673","-99,999",3,3,0,0,0,0,0,7,proceed,cancel,2023-12-22 02:23:13.000,2023-12-26 16:17:50.000,3,3,1,0,2,2023-12-22 00:53:17,2023,12
6,24,INC48012150,"140,946,784",105,"5,848,267,268","6,345,982,539","61,667,736","-99,999",3,3,0,0,0,0,0,13,proceed,cancel,2023-12-22 10:36:00.000,2023-12-22 10:36:19.000,3,3,1,0,2,2023-12-21 16:59:35,2023,12
6,24,INC48015034,"140,946,784",105,"5,848,267,268","5,848,267,268","76,615,600","-99,999",3,3,0,0,0,0,0,19,proceed,cancel,2023-12-22 22:23:15.000,2023-12-26 16:24:11.000,3,3,1,0,2,2023-12-21 21:10:51,2023,12
6,24,INC48010817,"266,226,194",121,"6,313,447,475","6,867,816,819","103,830,082","569,262,992",6,3,0,1,1,1,0,21,proceed,cancel,2023-12-21 19:08:50.000,2023-12-25 08:47:07.000,3,3,1,0,2,2023-12-21 15:15:57,2023,12
6,31,INC48013691,"266,226,194",122,"3,790,156,078","6,817,329,706","103,830,082","569,462,314",4,3,0,0,1,1,0,9,proceed,cancel,2023-12-21 18:58:25.000,2023-12-25 08:47:12.000,3,3,1,0,2,2023-12-21 18:53:27,2023,12
6,31,INC48012474,"166,126,616",122,"5,796,265,217","5,703,041,013","52,728,393","216,494,935",10,3,0,0,1,1,0,8,proceed,cancel,2023-12-28 02:46:58.000,2024-01-04 07:46:30.000,3,3,1,0,2,2023-12-21 17:25:58,2023,12
6,24,INC48014992,"266,226,194",121,"6,817,328,779","6,817,329,706","103,830,082","569,338,861",10,2,0,0,1,1,0,23,proceed,cancel,2023-12-27 20:07:12.000,2023-12-31 07:32:13.000,3,1,1,0,3,2023-12-21 21:06:14,2023,12
6,24,INC48015557,"166,126,616",121,"5,759,423,830","5,703,041,143","87,971,197","214,635,102",6,5,0,0,3,1,0,7,proceed,cancel,2024-01-05 16:20:35.000,2024-01-13 08:00:00.000,2,3,1,0,2,2023-12-21 22:14:02,2023,12
6,24,INC48007883,"140,946,784",105,"5,848,267,268","5,848,267,268","61,667,736","-99,999",3,5,0,0,0,0,0,16,proceed,cancel,2023-12-21 15:23:14.000,2024-01-03 07:23:56.000,3,3,1,0,2,2023-12-21 02:21:14,2023,12
6,24,INC48008803,"166,126,616",121,"5,936,352,761","6,059,124,548","79,181,792","576,164,409",10,3,0,0,1,1,0,9,proceed,cancel,2023-12-21 16:55:05.000,2023-12-29 07:25:36.000,3,3,1,0,2,2023-12-21 11:20:18,2023,12
6,24,INC48016304,"140,946,784",105,"5,848,267,268","5,848,267,268","61,667,736","-99,999",3,3,0,0,0,0,0,10,proceed,cancel,2023-12-22 17:53:13.000,2023-12-30 07:29:13.000,3,3,1,0,2,2023-12-22 01:19:16,2023,12
6,31,INC48016668,"140,946,784",16,"6,293,179,578","5,916,170,592","76,615,600","-99,999",10,3,0,0,3,0,0,17,proceed,cancel,2023-12-27 05:45:12.000,2023-12-27 05:45:42.000,3,3,1,0,2,2023-12-22 04:30:52,2023,12
6,31,INC48011187,"166,126,616",122,"2,438,429,805","2,438,429,805","52,729,432","571,456,192",6,3,0,1,0,1,0,2,proceed,cancel,2023-12-21 15:53:39.000,2023-12-29 07:25:37.000,3,3,1,0,2,2023-12-21 15:45:42,2023,12
6,25,INC48013063,"166,126,616",63,"6,816,701,351","6,816,701,351","52,729,432","215,117,249",6,3,0,1,0,1,0,3,proceed,cancel,2023-12-21 18:00:34.000,2023-12-29 07:25:39.000,3,3,1,0,2,2023-12-21 17:57:55,2023,12
6,31,INC48012300,"166,126,616",16,"6,853,836,737","6,853,836,737","52,729,432","414,126,732",6,3,0,1,0,0,0,3,proceed,cancel,2023-12-21 17:17:43.000,2023-12-29 07:25:37.000,3,3,1,0,2,2023-12-21 17:11:33,2023,12
6,31,INC48012758,"266,226,194",122,"3,790,156,078","6,817,329,706","103,830,082","569,254,750",4,3,0,0,1,1,0,9,proceed,cancel,2023-12-21 17:35:12.000,2023-12-25 08:47:10.000,3,3,1,0,2,2023-12-21 17:32:52,2023,12
6,31,INC48011606,"266,226,194",52,"6,867,816,819","6,867,816,819","103,830,082","569,369,906",7,3,0,0,1,1,0,10,proceed,cancel,2023-12-26 16:00:20.000,2023-12-30 07:38:25.000,3,3,1,0,2,2023-12-21 16:16:24,2023,12
6,31,INC48013291,"166,126,616",122,"2,438,429,805","2,438,429,805","52,729,432","216,494,935",6,3,0,1,0,1,0,2,proceed,cancel,2023-12-21 18:20:33.000,2023-12-29 07:25:39.000,3,3,1,0,2,2023-12-21 18:17:50,2023,12
6,24,INC48012569,"266,226,194",121,"6,817,328,402","6,817,329,420","103,830,082","569,416,185",4,3,0,0,1,1,0,18,proceed,cancel,2023-12-21 21:46:25.000,2023-12-21 21:46:38.000,3,3,1,0,2,2023-12-21 17:29:38,2023,12
6,24,INC48010013,"140,946,784",105,"5,848,267,268","5,916,170,592","80,859,673","-99,999",3,3,0,0,0,0,0,8,proceed,cancel,2024-01-15 12:12:36.000,2024-01-15 12:13:15.000,3,3,1,0,2,2023-12-21 14:16:05,2023,12
6,24,INC48016611,"140,946,784",105,"5,848,267,268","5,848,267,268","76,615,600","-99,999",3,3,0,0,0,0,0,7,proceed,cancel,2023-12-22 05:53:13.000,2023-12-26 16:24:19.000,3,3,1,0,2,2023-12-22 04:04:16,2023,12
6,31,INC48008626,"140,946,784",16,"6,293,179,578","5,583,924,682","41,927,742","-99,999",10,3,0,0,2,0,0,15,proceed,cancel,2023-12-28 21:48:05.000,2024-01-05 07:19:54.000,3,3,1,0,2,2023-12-21 09:59:19,2023,12
6,24,INC48013168,"140,946,784",105,"5,848,267,268","5,848,267,268","80,859,673","-99,999",3,3,0,0,0,0,0,11,proceed,cancel,2023-12-21 20:23:15.000,2023-12-26 16:18:31.000,3,3,1,0,2,2023-12-21 18:06:18,2023,12
6,24,INC48016143,"140,946,784",105,"5,848,267,268","5,848,267,268","76,615,600","-99,999",3,3,0,0,0,0,0,7,proceed,cancel,2023-12-22 01:53:13.000,2023-12-29 07:21:31.000,3,3,1,0,2,2023-12-22 00:32:27,2023,12
6,24,INC48011332,"266,226,194",121,"6,817,328,359","6,867,816,743","103,830,082","569,280,921",10,3,0,1,1,1,0,42,proceed,cancel,2024-01-16 19:35:43.000,2024-01-20 08:04:10.000,3,3,1,0,2,2023-12-21 15:56:22,2023,12
6,24,INC48016504,"266,226,194",121,"6,799,802,581","6,817,328,029","103,830,082","569,469,943",6,3,0,1,1,1,0,21,proceed,cancel,2024-01-05 18:12:08.000,2024-01-09 09:24:05.000,3,3,1,1,2,2023-12-22 02:53:07,2023,12
6,31,INC48009317,"166,126,616","371,220","6,026,174,582","5,703,040,921","52,728,392","572,517,552",10,3,0,0,1,0,0,6,proceed,cancel,2023-12-21 14:43:40.000,2023-12-29 07:25:36.000,3,3,1,0,2,2023-12-21 13:28:44,2023,12
6,24,INC48016481,"140,946,784",105,"5,848,267,268","5,848,267,268","80,859,673","-99,999",3,3,0,0,0,0,0,12,proceed,cancel,2023-12-22 05:23:13.000,2023-12-26 16:18:13.000,3,3,1,0,2,2023-12-22 02:37:17,2023,12
6,31,INC48003256,"166,126,616",122,"2,438,429,805","5,802,727,114","52,728,393","216,494,935",6,3,0,0,1,1,0,5,proceed,cancel,2023-12-20 22:42:32.000,2023-12-28 08:07:05.000,3,3,1,0,2,2023-12-20 16:47:26,2023,12
6,24,INC48007885,"140,946,784",105,"5,848,267,268","5,848,267,268","61,667,736","-99,999",3,5,0,0,0,0,0,9,proceed,cancel,2023-12-21 15:23:13.000,2023-12-29 07:21:23.000,3,3,1,0,2,2023-12-21 02:21:44,2023,12
6,24,INC47999748,"140,946,784",105,"5,848,267,268","5,848,267,268","80,859,673","-99,999",3,3,0,0,0,0,0,9,proceed,cancel,2023-12-20 10:23:14.000,2023-12-28 07:37:20.000,3,3,1,0,2,2023-12-20 08:44:13,2023,12
6,31,INC48003346,"266,226,194",16,"3,790,156,078","6,264,845,105","103,974,889","569,280,921",10,3,0,1,0,1,0,49,proceed,cancel,2023-12-21 17:09:19.000,2023-12-25 08:47:04.000,3,3,1,0,2,2023-12-20 16:53:47,2023,12
6,24,INC48009971,"266,226,194",121,"6,313,447,475","6,313,447,475","103,974,889","569,276,714",6,3,0,1,0,1,0,8,proceed,cancel,2023-12-21 14:22:40.000,2023-12-25 08:47:06.000,3,3,1,0,2,2023-12-21 14:12:14,2023,12
6,31,INC48007400,"266,226,194",122,"3,790,156,078","6,817,329,420","103,830,082","569,431,724",10,3,0,0,1,1,0,13,proceed,cancel,2023-12-21 00:36:43.000,2023-12-21 00:36:56.000,3,3,1,0,2,2023-12-21 00:02:12,2023,12
6,24,INC48006340,"140,946,784",105,"5,848,267,268","5,848,267,268","80,859,673","-99,999",3,5,0,0,0,0,0,9,proceed,cancel,2023-12-21 02:23:13.000,2023-12-28 07:37:35.000,3,3,1,0,2,2023-12-20 21:20:25,2023,12
6,24,INC48004315,"266,226,194",121,"6,313,447,475","6,313,447,475","103,974,889","569,272,812",6,3,0,1,0,1,0,6,proceed,cancel,2023-12-20 18:33:40.000,2023-12-24 08:53:24.000,3,3,1,0,2,2023-12-20 18:21:28,2023,12
6,24,INC48014950,"166,126,616",121,"5,759,423,830","5,759,423,830","52,729,432","214,798,153",6,3,0,1,0,1,0,3,proceed,cancel,2023-12-21 21:04:14.000,2023-12-29 07:25:39.000,3,3,1,0,2,2023-12-21 21:01:36,2023,12
6,31,INC47999938,"266,226,194",16,"3,790,156,078","6,264,845,105","103,974,889","569,280,921",10,3,0,1,0,1,0,36,proceed,cancel,2023-12-20 18:57:57.000,2023-12-24 08:53:17.000,3,3,1,0,2,2023-12-20 10:33:48,2023,12
6,24,INC48016555,"140,946,784",105,"5,848,267,268","5,848,267,268","80,859,673","-99,999",3,3,0,0,0,0,0,7,proceed,cancel,2023-12-22 05:23:13.000,2023-12-26 16:18:09.000,3,3,1,0,2,2023-12-22 03:25:11,2023,12
6,24,INC48006739,"266,226,194",121,"6,799,802,581","6,799,802,581","103,974,889","569,280,921",6,3,0,1,0,1,0,4,proceed,cancel,2023-12-20 22:10:32.000,2023-12-24 08:53:26.000,3,3,1,0,2,2023-12-20 22:05:09,2023,12
6,31,INC48003667,"166,126,616",122,"6,016,141,157","5,703,040,921","52,728,392","333,108,108",10,3,0,0,1,1,0,7,proceed,cancel,2023-12-20 21:54:18.000,2023-12-28 08:07:05.000,3,3,1,0,2,2023-12-20 17:21:59,2023,12
6,24,INC48000132,"140,946,784",105,"5,848,267,268","5,848,267,268","76,615,600","-99,999",3,3,0,0,0,0,0,11,proceed,cancel,2023-12-20 12:53:14.000,2024-01-03 07:23:56.000,3,3,1,0,2,2023-12-20 11:51:13,2023,12
6,24,INC48007286,"140,946,784",105,"5,848,267,268","5,848,267,268","76,615,600","-99,999",3,3,0,0,0,0,0,7,proceed,cancel,2023-12-21 01:23:13.000,2023-12-26 16:24:17.000,3,3,1,0,2,2023-12-20 23:36:45,2023,12
6,24,INC48008443,"266,226,194",121,"6,200,018,870","6,200,018,870","103,974,889","569,255,282",6,3,0,1,0,0,0,6,proceed,cancel,2023-12-21 08:06:45.000,2023-12-25 08:47:04.000,3,3,1,0,2,2023-12-21 08:00:09,2023,12
6,31,INC48003020,"166,126,616",122,"5,703,039,025","6,016,140,447","52,728,391","414,111,943",10,3,0,0,1,1,0,9,proceed,cancel,2023-12-21 21:36:43.000,2023-12-29 07:25:35.000,3,3,1,0,2,2023-12-20 16:29:24,2023,12
6,31,INC48000718,"266,226,194",16,"6,867,816,819","6,817,331,932","103,830,084","569,319,384",7,3,0,1,2,1,0,8,proceed,cancel,2023-12-20 13:38:21.000,2023-12-24 08:53:20.000,3,3,1,0,2,2023-12-20 13:31:59,2023,12
6,24,INC48012782,"166,126,616",121,"541,413","5,703,041,013","52,728,393","214,765,527",6,3,0,0,1,1,0,6,proceed,cancel,2023-12-28 02:03:04.000,2024-01-04 07:46:30.000,3,3,1,0,2,2023-12-21 17:34:48,2023,12
6,24,INC47999713,"140,946,784",105,"5,848,267,268","5,848,267,268","80,859,673","-99,999",3,3,0,0,0,0,0,55,proceed,cancel,2023-12-21 00:53:13.000,2023-12-26 16:18:19.000,3,3,1,0,2,2023-12-20 08:24:41,2023,12
6,24,INC48000526,"140,946,784",105,"5,848,267,268","6,345,982,539","61,667,736","-99,999",3,3,0,0,1,0,0,24,proceed,cancel,2023-12-22 10:35:25.000,2023-12-22 10:36:05.000,3,3,1,0,2,2023-12-20 13:13:33,2023,12
6,31,INC48001106,"140,946,784",122,"6,116,482,150","6,293,179,578","76,615,600","-99,999",10,3,0,0,3,0,0,17,proceed,cancel,2023-12-21 03:35:59.000,2023-12-21 03:36:20.000,3,3,1,0,2,2023-12-20 14:11:30,2023,12
6,24,INC48013070,"140,946,784",105,"5,848,267,268","5,848,267,268","61,667,736","-99,999",3,3,0,0,0,0,0,7,proceed,cancel,2023-12-21 19:53:14.000,2023-12-29 07:21:27.000,3,3,1,0,2,2023-12-21 17:58:28,2023,12
6,24,INC48015087,"140,946,784",105,"5,848,267,268","5,848,267,268","80,859,673","-99,999",3,5,0,0,0,0,0,8,proceed,cancel,2023-12-22 02:23:13.000,2023-12-29 07:21:28.000,3,3,1,0,2,2023-12-21 21:17:51,2023,12
6,24,INC48005506,"266,226,194",121,"6,817,328,779","6,817,328,779","103,830,082","569,269,654",10,3,0,0,1,1,0,10,proceed,cancel,2023-12-20 20:22:44.000,2023-12-24 08:53:26.000,3,3,1,0,2,2023-12-20 20:01:11,2023,12
6,24,INC48012144,"140,946,784",105,"5,848,267,268","5,848,267,268","61,667,736","-99,999",3,3,0,0,0,0,0,8,proceed,cancel,2023-12-21 20:53:14.000,2023-12-29 07:21:26.000,3,3,1,0,2,2023-12-21 16:59:16,2023,12
6,31,INC48003889,"166,126,616",122,"6,059,124,548","6,877,023,618","52,728,391","414,111,943",10,3,0,0,1,1,0,13,proceed,cancel,2024-02-29 00:01:39.000,2024-03-07 08:10:34.000,3,3,1,0,2,2023-12-20 17:43:00,2023,12
6,24,INC48000238,"140,946,784",105,"5,848,267,268","5,848,267,268","61,667,736","-99,999",3,3,0,0,0,0,0,9,proceed,cancel,2023-12-20 13:23:14.000,2023-12-22 10:39:49.000,3,3,1,0,2,2023-12-20 12:18:05,2023,12
6,24,INC47999749,"140,946,784",105,"5,848,267,268","5,848,267,268","80,859,673","-99,999",3,3,0,0,0,0,0,9,proceed,cancel,2023-12-20 10:23:14.000,2023-12-28 07:37:21.000,3,3,1,0,2,2023-12-20 08:44:14,2023,12
6,24,INC48000223,"140,946,784",105,"5,848,267,268","5,848,267,268","61,667,736","-99,999",3,3,0,0,0,0,0,8,proceed,cancel,2023-12-20 13:23:14.000,2023-12-22 10:39:48.000,3,3,1,0,2,2023-12-20 12:16:33,2023,12
6,24,INC48016128,"166,126,616",121,"6,842,456,985","6,322,476,946","52,729,065","572,563,904",6,3,0,0,1,1,0,7,proceed,cancel,2024-01-02 17:06:10.000,2024-01-10 09:17:28.000,3,3,1,0,2,2023-12-22 00:25:53,2023,12
6,24,INC48014637,"266,226,194",121,"6,313,447,475","6,799,802,581","103,974,889","569,416,185",6,3,0,1,0,1,0,7,proceed,cancel,2023-12-22 03:18:03.000,2023-12-25 08:47:13.000,3,3,1,0,2,2023-12-21 20:26:11,2023,12
6,24,INC48001053,"266,226,194",121,"6,313,447,475","6,313,447,475","103,974,889","569,276,714",6,3,0,1,2,1,0,24,proceed,cancel,2023-12-20 17:40:00.000,2023-12-24 08:53:21.000,3,3,1,0,2,2023-12-20 14:07:14,2023,12
6,24,INC48004212,"166,126,616",121,"541,413","541,413","52,729,432","571,477,509",6,3,0,1,0,1,0,5,proceed,cancel,2023-12-20 18:19:16.000,2023-12-28 08:07:06.000,3,3,1,0,2,2023-12-20 18:13:23,2023,12
6,24,INC48016148,"140,946,784",105,"5,848,267,268","5,848,267,268","76,615,600","-99,999",3,5,0,0,0,0,0,10,proceed,cancel,2023-12-22 01:53:13.000,2023-12-29 07:21:32.000,3,3,1,0,2,2023-12-22 00:33:46,2023,12
6,24,INC48015033,"140,946,784",105,"5,848,267,268","5,848,267,268","76,615,600","-99,999",3,3,0,0,0,0,0,12,proceed,cancel,2023-12-23 03:53:13.000,2023-12-30 07:29:12.000,3,3,1,0,2,2023-12-21 21:10:49,2023,12
6,24,INC48000220,"140,946,784",105,"5,848,267,268","5,848,267,268","61,667,736","-99,999",3,3,0,0,0,0,0,9,proceed,cancel,2023-12-20 13:23:14.000,2023-12-22 10:39:51.000,3,3,1,0,2,2023-12-20 12:15:46,2023,12
6,24,INC48007417,"140,946,784",105,"5,848,267,268","5,848,267,268","61,667,736","-99,999",3,3,0,0,0,0,0,9,proceed,cancel,2023-12-21 17:23:13.000,2023-12-29 07:21:20.000,3,3,1,0,2,2023-12-21 00:05:25,2023,12
6,24,INC48012799,"166,126,616",121,"6,853,836,737","5,703,040,921","52,728,392","572,556,054",6,5,0,0,1,0,0,6,proceed,cancel,2023-12-21 18:34:49.000,2023-12-29 07:25:38.000,3,3,1,0,2,2023-12-21 17:35:54,2023,12
6,24,INC47999746,"140,946,784",105,"5,848,267,268","5,848,267,268","80,859,673","-99,999",3,3,0,0,0,0,0,9,proceed,cancel,2023-12-20 10:23:13.000,2023-12-28 07:37:18.000,3,3,1,0,2,2023-12-20 08:44:10,2023,12
6,31,INC48000337,"166,126,616",16,"5,703,037,590","5,802,727,114","52,728,393","575,972,787",10,3,0,0,1,1,0,9,proceed,cancel,2023-12-21 01:55:33.000,2023-12-28 08:07:03.000,3,3,1,0,2,2023-12-20 12:38:30,2023,12
6,24,INC48015696,"140,946,784",105,"5,848,267,268","5,848,267,268","61,667,736","-99,999",3,3,0,0,0,0,0,8,proceed,cancel,2023-12-22 00:53:13.000,2023-12-29 07:21:29.000,3,3,1,0,2,2023-12-21 22:34:49,2023,12
6,24,INC48009751,"266,226,194",121,"6,264,845,105","6,264,845,105","103,974,889","569,254,229",6,3,0,0,0,1,0,5,proceed,cancel,2023-12-21 13:58:06.000,2023-12-25 08:47:06.000,3,3,1,0,2,2023-12-21 13:53:53,2023,12
6,24,INC48000219,"140,946,784",105,"5,848,267,268","5,848,267,268","61,667,736","-99,999",3,3,0,0,0,0,0,9,proceed,cancel,2023-12-20 13:23:14.000,2023-12-22 10:39:51.000,3,3,1,0,2,2023-12-20 12:15:45,2023,12
6,24,INC48008300,"140,946,784",105,"5,848,267,268","5,848,267,268","80,859,673","-99,999",3,3,0,0,0,0,0,15,proceed,cancel,2023-12-21 10:53:13.000,2023-12-26 16:18:29.000,3,3,1,0,2,2023-12-21 06:32:50,2023,12
6,24,INC48007682,"140,946,784",105,"5,848,267,268","5,848,267,268","80,859,673","-99,999",3,3,0,0,0,0,0,9,proceed,cancel,2023-12-21 22:23:15.000,2023-12-29 07:21:21.000,3,3,1,0,2,2023-12-21 01:07:54,2023,12
6,24,INC48006765,"166,126,616",121,"3,503,348,459","6,016,140,447","52,728,392","571,417,627",6,3,0,0,1,0,0,5,proceed,cancel,2023-12-21 21:18:26.000,2023-12-29 07:25:35.000,3,3,1,0,2,2023-12-20 22:08:39,2023,12
6,31,INC48002122,"166,126,616",122,"2,438,429,805","5,703,040,455","52,728,392","572,556,054",6,3,0,0,1,0,0,6,proceed,cancel,2024-01-03 17:58:49.000,2024-01-11 08:31:40.000,3,3,1,0,2,2023-12-20 15:26:25,2023,12
6,24,INC48005200,"266,226,194",121,"6,838,119,269","6,838,119,269","103,974,889","569,246,095",4,3,0,1,0,1,0,8,proceed,cancel,2023-12-20 19:45:53.000,2023-12-24 08:53:25.000,3,3,1,0,2,2023-12-20 19:36:38,2023,12
6,24,INC47999662,"140,946,784",105,"5,848,267,268","5,848,267,268","76,615,600","-99,999",3,5,0,0,0,0,0,9,proceed,cancel,2023-12-20 12:53:13.000,2023-12-22 09:01:42.000,3,3,1,0,2,2023-12-20 08:05:20,2023,12
6,24,INC48000227,"140,946,784",105,"5,848,267,268","5,848,267,268","61,667,736","-99,999",3,3,0,0,0,0,0,9,proceed,cancel,2023-12-20 13:23:14.000,2023-12-22 10:39:46.000,3,3,1,0,2,2023-12-20 12:16:56,2023,12
6,24,INC48000193,"140,946,784",105,"5,848,267,268","6,345,982,539","61,667,736","-99,999",3,3,0,0,0,0,0,18,proceed,cancel,2023-12-22 10:39:06.000,2023-12-22 10:39:25.000,3,3,1,0,2,2023-12-20 12:11:43,2023,12
6,31,INC48005838,"166,126,616",122,"6,842,456,985","6,016,140,447","52,728,392","215,167,115",6,3,0,0,3,1,0,14,proceed,cancel,2024-01-02 15:58:18.000,2024-01-10 09:17:28.000,3,3,1,0,2,2023-12-20 20:32:36,2023,12
6,31,INC48000715,"266,226,194",16,"6,313,447,475","6,313,447,475","103,974,889","569,280,921",6,3,0,1,0,1,0,5,proceed,cancel,2023-12-20 13:41:47.000,2023-12-24 08:53:20.000,3,3,1,0,2,2023-12-20 13:31:27,2023,12
6,24,INC48005814,"166,126,616",51,"3,503,348,459","5,703,041,143","87,971,197","214,635,102",6,3,0,0,1,1,0,4,proceed,cancel,2024-01-05 16:19:00.000,2024-01-13 08:00:00.000,3,3,1,0,2,2023-12-20 20:30:51,2023,12
6,31,INC48000711,"266,226,194",52,"6,867,816,819","6,867,816,819","103,830,082","569,411,670",7,3,0,1,1,1,0,9,proceed,cancel,2023-12-21 15:33:44.000,2023-12-25 08:47:02.000,3,3,1,0,2,2023-12-20 13:30:53,2023,12
6,24,INC47999742,"140,946,784",105,"5,848,267,268","5,848,267,268","80,859,673","-99,999",3,3,0,0,0,0,0,9,proceed,cancel,2023-12-20 10:23:13.000,2023-12-28 07:37:14.000,3,3,1,0,2,2023-12-20 08:44:03,2023,12
6,24,INC48008260,"140,946,784",105,"5,848,267,268","5,848,267,268","80,859,673","-99,999",3,3,0,0,0,0,0,21,proceed,cancel,2023-12-21 11:23:13.000,2023-12-26 16:18:35.000,3,3,1,0,2,2023-12-21 06:08:50,2023,12
6,24,INC48001183,"266,226,194",121,"6,264,845,105","6,264,845,105","103,974,889","569,280,921",6,3,0,1,0,1,0,18,proceed,cancel,2023-12-20 15:07:45.000,2023-12-24 08:53:22.000,3,3,1,0,2,2023-12-20 14:17:08,2023,12
6,24,INC48006478,"166,126,616",121,"3,503,348,459","5,802,727,114","52,728,393","214,602,738",6,3,0,0,1,1,0,12,proceed,cancel,2024-01-01 00:47:00.000,2024-01-08 09:09:10.000,3,3,1,0,2,2023-12-20 21:34:55,2023,12
6,31,INC48012888,"166,126,616",122,"5,703,039,506","5,703,041,013","52,728,393","216,494,935",10,3,0,0,1,1,0,7,proceed,cancel,2023-12-28 02:07:53.000,2024-01-04 07:46:31.000,3,3,1,0,2,2023-12-21 17:43:21,2023,12
6,24,INC48000202,"140,946,784",105,"5,848,267,268","6,345,982,539","76,615,600","-99,999",3,3,0,0,0,0,0,5,proceed,cancel,2023-12-22 10:39:07.000,2023-12-22 10:39:44.000,3,3,1,0,2,2023-12-20 12:13:53,2023,12
6,31,INC48004204,"166,126,616",122,"5,703,041,040","5,802,727,114","52,728,393","215,070,509",10,3,0,0,1,0,0,5,proceed,cancel,2023-12-21 01:40:22.000,2023-12-28 08:07:05.000,3,3,1,0,2,2023-12-20 18:12:04,2023,12
6,24,INC48012490,"140,946,784",105,"5,848,267,268","5,848,267,268","61,667,736","-99,999",3,3,0,0,0,0,0,7,proceed,cancel,2023-12-21 20:53:14.000,2023-12-22 10:36:28.000,3,3,1,0,2,2023-12-21 17:27:19,2023,12
6,31,INC48010061,"166,126,616",122,"2,438,429,805","5,703,040,921","52,728,392","572,517,552",6,3,0,1,1,0,0,14,proceed,cancel,2023-12-21 18:08:44.000,2023-12-29 07:25:36.000,3,3,1,1,2,2023-12-21 14:19:54,2023,12
6,24,INC48016294,"140,946,784",105,"5,848,267,268","5,848,267,268","80,859,673","-99,999",3,3,0,0,0,0,0,12,proceed,cancel,2023-12-22 22:23:16.000,2024-01-03 07:23:58.000,3,3,1,0,2,2023-12-22 01:15:56,2023,12
6,24,INC48015434,"166,126,616",121,"3,141,987,178","3,141,987,178","52,729,432","214,602,738",2,3,0,1,0,1,0,3,proceed,cancel,2023-12-21 21:58:45.000,2023-12-29 07:25:40.000,3,3,1,0,2,2023-12-21 21:57:29,2023,12
6,24,INC48013090,"266,226,194",121,"6,313,447,475","6,867,816,819","103,830,082","569,416,881",6,3,0,0,4,1,0,18,proceed,cancel,2024-01-04 15:10:11.000,2024-01-08 09:13:28.000,3,3,1,0,2,2023-12-21 18:00:30,2023,12
6,31,INC48016270,"166,126,616",122,"5,936,352,761","6,016,140,447","52,728,392","414,111,943",10,3,0,0,1,1,0,8,proceed,cancel,2023-12-27 18:37:49.000,2024-01-04 07:46:31.000,3,3,1,0,2,2023-12-22 01:08:23,2023,12
6,24,INC48013169,"140,946,784",105,"5,848,267,268","5,848,267,268","80,859,673","-99,999",3,3,0,0,0,0,0,11,proceed,cancel,2023-12-21 20:23:15.000,2023-12-26 16:18:38.000,3,3,1,0,2,2023-12-21 18:06:20,2023,12
6,24,INC48010000,"140,946,784",105,"5,848,267,268","5,916,170,592","61,667,736","-99,999",3,3,0,0,0,0,0,8,proceed,cancel,2024-01-15 12:12:37.000,2024-01-15 12:13:16.000,3,3,1,0,2,2023-12-21 14:14:55,2023,12
6,24,INC48011292,"266,226,194",121,"3,790,156,078","6,867,816,743","103,830,082","569,311,341",10,3,0,1,1,1,0,18,proceed,cancel,2023-12-21 18:21:55.000,2023-12-25 08:47:08.000,3,3,1,0,2,2023-12-21 15:53:05,2023,12
6,24,INC48015248,"166,126,616",121,"6,842,456,985","6,842,456,985","52,729,432","215,117,249",2,3,0,1,0,1,0,5,proceed,cancel,2023-12-21 21:46:38.000,2023-12-29 07:25:39.000,3,3,1,0,2,2023-12-21 21:33:09,2023,12
6,24,INC48014713,"140,946,784",105,"5,848,267,268","5,848,267,268","61,667,736","-99,999",3,3,0,0,0,0,0,8,proceed,cancel,2023-12-21 21:53:14.000,2023-12-29 07:21:28.000,3,3,1,0,2,2023-12-21 20:35:07,2023,12
6,24,INC48016330,"140,946,784",105,"5,848,267,268","5,848,267,268","80,859,673","-99,999",3,3,0,0,0,0,0,44,proceed,cancel,2023-12-22 06:23:13.000,2023-12-26 16:18:16.000,3,3,1,0,2,2023-12-22 01:29:10,2023,12
6,24,INC48016582,"166,126,616",51,"6,842,456,985","6,197,463,044","52,728,393","215,117,249",6,3,0,0,1,1,0,9,proceed,cancel,2024-01-09 23:34:57.000,2024-01-17 08:48:41.000,3,3,1,0,2,2023-12-22 03:42:35,2023,12
6,24,INC48012218,"140,946,784",105,"5,848,267,268","5,848,267,268","61,667,736","-99,999",3,3,0,0,0,0,0,8,proceed,cancel,2023-12-22 00:23:13.000,2023-12-22 10:36:27.000,3,3,1,0,2,2023-12-21 17:04:36,2023,12
6,24,INC48012528,"140,946,784",105,"5,848,267,268","5,848,267,268","61,667,736","-99,999",3,5,0,0,0,0,0,9,proceed,cancel,2023-12-22 00:23:13.000,2023-12-22 10:36:29.000,3,3,1,0,2,2023-12-21 17:28:57,2023,12
6,31,INC48009672,"266,226,194",122,"3,790,156,078","6,867,816,743","103,830,082","569,270,610",10,3,0,1,1,1,0,16,proceed,cancel,2023-12-21 19:30:11.000,2023-12-25 08:47:05.000,3,3,1,0,2,2023-12-21 13:47:10,2023,12
6,31,INC48016832,"140,946,784",16,"6,293,179,578","5,583,924,682","41,927,742","-99,999",10,3,0,0,2,0,0,11,proceed,cancel,2023-12-22 18:19:50.000,2023-12-30 07:29:14.000,3,3,1,0,2,2023-12-22 06:15:11,2023,12
6,31,INC48013412,"266,226,194",122,"3,790,156,078","6,867,816,743","103,830,082","569,463,331",4,3,0,1,1,1,0,11,proceed,cancel,2023-12-21 19:22:36.000,2023-12-25 08:47:12.000,3,3,1,0,2,2023-12-21 18:27:23,2023,12
6,31,INC48016008,"266,226,194",122,"3,790,156,078","6,817,329,706","103,830,082","569,255,282",10,3,0,0,1,0,0,10,proceed,cancel,2023-12-26 16:45:53.000,2023-12-30 07:38:26.000,3,3,1,0,2,2023-12-21 23:50:54,2023,12
6,24,INC48012420,"166,126,616",121,"3,141,987,178","3,141,987,178","52,729,432","215,060,468",6,3,0,1,0,1,0,4,proceed,cancel,2023-12-21 17:24:37.000,2023-12-29 07:25:38.000,3,3,1,0,2,2023-12-21 17:22:04,2023,12
6,24,INC48000229,"140,946,784",105,"5,848,267,268","5,848,267,268","61,667,736","-99,999",3,3,0,0,0,0,0,9,proceed,cancel,2023-12-20 13:23:14.000,2023-12-22 10:39:45.000,3,3,1,0,2,2023-12-20 12:16:59,2023,12
6,31,INC48002888,"166,126,616",52,"5,707,696,790","5,703,040,921","67,354,644","-99,999",10,3,0,0,2,0,0,4,proceed,cancel,2024-01-31 18:36:36.000,2024-02-08 08:33:52.000,3,3,1,0,2,2023-12-20 16:20:26,2023,12
6,24,INC48000244,"140,946,784",105,"5,848,267,268","5,848,267,268","76,615,600","-99,999",3,3,0,0,0,0,0,7,proceed,cancel,2023-12-20 13:53:14.000,2023-12-22 10:39:43.000,3,3,1,0,2,2023-12-20 12:19:24,2023,12
6,24,INC48000217,"140,946,784",105,"5,848,267,268","5,848,267,268","61,667,736","-99,999",3,3,0,0,0,0,0,9,proceed,cancel,2023-12-20 13:23:14.000,2023-12-22 10:39:52.000,3,3,1,0,2,2023-12-20 12:15:43,2023,12
6,31,INC48001417,"140,946,784",122,"6,116,482,150","6,293,179,578","76,615,600","-99,999",10,3,0,0,3,0,0,17,proceed,cancel,2023-12-21 02:58:26.000,2023-12-21 02:58:57.000,3,3,1,0,2,2023-12-20 14:34:35,2023,12
6,31,INC48001511,"166,126,616",122,"2,438,429,805","2,438,429,805","52,729,432","571,456,192",2,3,0,1,0,1,0,3,proceed,cancel,2023-12-20 14:42:54.000,2023-12-28 08:07:04.000,3,3,1,0,2,2023-12-20 14:41:47,2023,12
6,31,INC47999654,"140,946,784",16,"5,916,170,592","305,267","41,927,742","-99,999",10,3,0,0,1,0,0,7,proceed,cancel,2023-12-21 01:31:31.000,2023-12-28 07:37:12.000,3,3,1,0,2,2023-12-20 08:00:32,2023,12
6,24,INC48003955,"166,126,616",121,"5,527,129,652","6,770,881,793","52,728,392","215,157,251",6,3,0,0,3,1,0,11,proceed,cancel,2024-01-15 19:34:40.000,2024-01-23 09:39:01.000,3,3,1,0,2,2023-12-20 17:48:45,2023,12
6,24,INC48001883,"140,946,784",105,"5,848,267,268","5,848,267,268","76,615,600","-99,999",3,3,0,0,0,0,0,11,proceed,cancel,2023-12-20 18:23:13.000,2023-12-28 07:37:33.000,3,3,1,0,2,2023-12-20 15:08:35,2023,12
6,24,INC47999745,"140,946,784",105,"5,848,267,268","5,848,267,268","80,859,673","-99,999",3,3,0,0,0,0,0,9,proceed,cancel,2023-12-20 10:23:13.000,2023-12-28 07:37:17.000,3,3,1,0,2,2023-12-20 08:44:08,2023,12
6,24,INC48000529,"140,946,784",105,"5,848,267,268","5,848,267,268","76,615,600","-99,999",3,5,0,0,0,0,0,10,proceed,cancel,2023-12-21 16:53:15.000,2023-12-22 10:36:22.000,3,3,1,0,2,2023-12-20 13:13:35,2023,12
6,24,INC47999741,"140,946,784",105,"5,848,267,268","5,848,267,268","80,859,673","-99,999",3,3,0,0,0,0,0,9,proceed,cancel,2023-12-20 10:23:13.000,2023-12-28 07:37:13.000,3,3,1,0,2,2023-12-20 08:44:02,2023,12
6,24,INC47971360,"266,226,194",121,"-99,999","6,817,328,029","103,830,082","569,285,183",10,3,0,1,1,1,0,15,proceed,cancel,2023-12-20 20:12:09.000,2023-12-24 08:53:10.000,3,3,1,0,2,2023-12-16 00:31:52,2023,12
6,24,INC47965495,"140,946,784",105,"5,848,267,268","5,848,267,268","61,667,736","-99,999",3,5,0,0,0,0,0,9,proceed,cancel,2023-12-15 15:53:14.000,2023-12-23 07:40:04.000,3,3,1,0,2,2023-12-15 14:37:47,2023,12
6,24,INC47966397,"266,226,194",121,"6,313,447,475","6,867,816,819","103,830,082","569,338,861",6,3,0,0,1,1,0,14,proceed,cancel,2023-12-18 17:50:18.000,2023-12-22 08:01:43.000,3,3,1,0,2,2023-12-15 15:52:58,2023,12
6,24,INC47972138,"140,946,784",105,"5,848,267,268","5,848,267,268","76,615,600","-99,999",3,3,0,0,0,0,0,13,proceed,cancel,2023-12-16 09:23:14.000,2023-12-24 07:56:24.000,3,3,1,0,2,2023-12-16 08:02:32,2023,12
6,24,INC47970209,"140,946,784",105,"5,848,267,268","6,293,179,578","76,615,600","-99,999",3,3,0,0,0,0,0,6,proceed,cancel,2023-12-16 04:13:54.000,2023-12-16 04:19:43.000,3,3,1,0,2,2023-12-15 21:10:33,2023,12
6,24,INC47968451,"266,226,194",121,"6,838,119,269","6,838,119,269","103,974,889","569,338,790",6,3,0,1,0,1,0,9,proceed,cancel,2023-12-15 19:38:05.000,2023-12-19 09:02:05.000,3,3,1,0,2,2023-12-15 18:27:52,2023,12
6,31,INC47970414,"266,226,194",49,"5,802,967,307","5,802,967,307","103,974,889","569,462,314",2,3,0,1,0,1,0,5,proceed,cancel,2023-12-15 21:37:52.000,2023-12-19 09:02:07.000,3,3,1,0,2,2023-12-15 21:36:02,2023,12
6,24,INC47971665,"140,946,784",105,"5,848,267,268","5,848,267,268","76,615,600","-99,999",3,3,0,0,0,0,0,7,proceed,cancel,2023-12-16 04:23:13.000,2023-12-23 07:40:11.000,3,3,1,0,2,2023-12-16 02:33:53,2023,12
6,24,INC47970182,"166,126,616",121,"6,842,456,985","5,802,727,114","52,728,393","215,070,509",6,3,0,0,1,0,0,19,proceed,cancel,2023-12-18 02:39:32.000,2023-12-26 08:58:07.000,3,3,1,1,2,2023-12-15 21:08:00,2023,12
6,24,INC47971225,"266,226,194",121,"6,799,802,581","6,799,802,581","103,974,889","569,296,391",6,3,0,1,0,1,0,4,proceed,cancel,2023-12-16 00:05:57.000,2023-12-19 09:02:09.000,3,3,1,0,2,2023-12-15 23:54:53,2023,12
6,24,INC47970096,"140,946,784",105,"5,848,267,268","5,848,267,268","61,667,736","-99,999",3,3,0,0,0,0,0,7,proceed,cancel,2023-12-15 23:53:14.000,2023-12-23 07:40:06.000,3,3,1,0,2,2023-12-15 20:57:15,2023,12
6,31,INC47970780,"266,226,194",122,"3,790,156,078","6,817,329,420","103,830,082","569,393,051",10,3,0,0,1,1,0,15,proceed,cancel,2023-12-19 18:33:03.000,2023-12-19 18:33:13.000,3,3,1,0,2,2023-12-15 22:23:57,2023,12
6,24,INC47971448,"140,946,784",105,"5,848,267,268","5,848,267,268","80,859,673","-99,999",3,3,0,0,0,0,0,18,proceed,cancel,2023-12-16 02:53:14.000,2023-12-23 07:40:09.000,3,3,1,0,2,2023-12-16 00:56:53,2023,12
6,25,INC47973329,"166,126,616",63,"5,703,041,224","6,842,456,985","52,729,432","414,126,732",10,3,0,1,0,0,0,4,proceed,cancel,2023-12-16 18:06:50.000,2023-12-24 08:46:34.000,3,3,1,0,2,2023-12-16 17:19:22,2023,12
6,24,INC47853236,"166,126,616",121,"4,536,264,761","5,703,040,921","52,728,392","561,183,411",6,3,0,0,1,1,0,5,proceed,cancel,2023-12-01 20:30:13.000,2023-12-09 07:47:40.000,3,3,1,0,2,2023-12-01 17:50:56,2023,12
6,24,INC47848677,"140,946,784",105,"5,848,267,268","5,848,267,268","80,859,673","-99,999",3,3,0,0,0,0,0,8,proceed,cancel,2023-12-01 08:23:13.000,2023-12-15 07:46:51.000,3,3,1,0,2,2023-12-01 07:03:08,2023,12
2,31,INC47856696,"166,126,616",52,"3,790,156,078","-99,999","-99,999","-99,999",4,3,0,0,1,0,0,2,proceed,cancel,,,3,3,1,0,2,2023-12-01 23:29:34,2023,12
6,24,INC47853129,"140,946,784",105,"5,848,267,268","5,848,267,268","76,615,600","-99,999",3,3,0,0,0,0,0,8,proceed,cancel,2023-12-01 18:53:14.000,2023-12-09 07:42:50.000,3,3,1,0,2,2023-12-01 17:41:53,2023,12
6,24,INC47852164,"140,946,784",105,"5,848,267,268","5,848,267,268","76,615,600","-99,999",3,3,0,0,0,0,0,7,proceed,cancel,2023-12-01 17:53:13.000,2023-12-09 07:42:48.000,3,3,1,0,2,2023-12-01 16:33:43,2023,12
6,24,INC47855767,"266,226,194",121,"6,799,802,581","6,867,816,819","103,830,082","569,280,921",6,3,0,0,1,1,0,13,proceed,cancel,2023-12-04 15:11:10.000,2023-12-08 08:02:49.000,3,3,1,0,2,2023-12-01 21:21:50,2023,12
6,24,INC47856448,"140,946,784",105,"5,848,267,268","5,848,267,268","61,667,736","-99,999",3,5,0,0,0,0,0,5,proceed,cancel,2023-12-01 23:53:14.000,2023-12-03 14:50:01.000,3,3,1,0,2,2023-12-01 22:44:34,2023,12
6,24,INC47855643,"140,946,784",105,"5,848,267,268","5,848,267,268","80,859,673","-99,999",3,5,0,0,0,0,0,14,proceed,cancel,2023-12-03 14:23:13.000,2023-12-11 08:02:17.000,3,3,1,0,2,2023-12-01 21:09:45,2023,12
6,31,INC47855094,"166,126,616",122,"5,703,039,025","6,059,124,548","79,181,792","576,164,409",10,3,0,0,2,1,0,7,proceed,cancel,2023-12-04 15:20:33.000,2023-12-12 09:10:01.000,3,3,1,0,2,2023-12-01 20:20:01,2023,12
6,24,INC47855571,"140,946,784",105,"5,848,267,268","5,848,267,268","61,667,736","-99,999",3,3,0,0,0,0,0,9,proceed,cancel,2023-12-02 22:23:13.000,2023-12-10 08:22:05.000,3,3,1,0,2,2023-12-01 21:02:45,2023,12
6,24,INC47851935,"266,226,194",121,"6,838,119,269","6,867,816,819","103,830,082","569,484,641",6,3,0,0,1,1,0,18,proceed,cancel,2023-12-15 14:30:46.000,2023-12-19 09:01:52.000,3,3,1,0,2,2023-12-01 16:18:22,2023,12
6,24,INC47857655,"166,126,616",121,"5,707,696,599","5,703,040,921","52,728,392","591,460,505",10,3,0,0,1,1,0,7,proceed,cancel,2023-12-15 14:46:53.000,2023-12-23 07:42:17.000,3,3,1,0,2,2023-12-02 06:00:20,2023,12
6,24,INC47856445,"140,946,784",105,"5,848,267,268","5,848,267,268","61,667,736","-99,999",3,5,0,0,0,0,0,5,proceed,cancel,2023-12-01 23:53:14.000,2023-12-03 14:50:00.000,3,3,1,0,2,2023-12-01 22:44:29,2023,12
6,31,INC47853748,"166,126,616",16,"5,703,040,920","5,703,040,921","52,728,392","571,488,533",10,3,0,0,1,0,0,10,proceed,cancel,2023-12-02 16:14:00.000,2023-12-10 10:18:35.000,3,3,1,0,2,2023-12-01 18:32:01,2023,12
6,25,INC47853561,"266,226,194",63,"6,264,845,105","6,264,845,105","103,974,889","569,462,314",6,3,0,1,0,1,0,4,proceed,cancel,2023-12-01 18:19:04.000,2023-12-05 09:21:27.000,3,3,1,0,2,2023-12-01 18:17:35,2023,12
6,24,INC47857531,"140,946,784",105,"5,848,267,268","5,848,267,268","76,615,600","-99,999",3,3,0,0,0,0,0,7,proceed,cancel,2023-12-02 05:53:14.000,2023-12-09 07:42:58.000,3,3,1,0,2,2023-12-02 04:22:12,2023,12
6,24,INC47849416,"166,126,616",121,"6,853,836,737","5,703,040,921","52,728,392","561,183,411",6,3,0,0,1,1,0,4,proceed,cancel,2023-12-01 13:49:44.000,2023-12-09 07:47:39.000,3,3,1,0,2,2023-12-01 12:29:54,2023,12
6,24,INC47852230,"140,946,784",105,"5,848,267,268","5,848,267,268","76,615,600","-99,999",3,3,0,0,0,0,0,8,proceed,cancel,2023-12-01 18:23:14.000,2023-12-15 07:46:52.000,3,3,1,0,2,2023-12-01 16:38:23,2023,12
6,24,INC47848737,"140,946,784",105,"5,848,267,268","6,345,982,539","80,859,673","-99,999",3,3,0,0,0,0,0,15,proceed,cancel,2023-12-03 14:45:55.000,2023-12-03 14:46:14.000,3,3,1,0,2,2023-12-01 07:39:24,2023,12
6,24,INC47852355,"140,946,784",105,"5,848,267,268","5,848,267,268","80,859,673","-99,999",3,3,0,0,0,0,0,51,proceed,cancel,2023-12-01 22:23:13.000,2023-12-09 07:42:49.000,3,3,1,0,2,2023-12-01 16:47:37,2023,12
6,24,INC47849504,"140,946,784",105,"5,848,267,268","5,848,267,268","76,615,600","-99,999",3,3,0,0,0,0,0,7,proceed,cancel,2023-12-01 14:23:13.000,2023-12-09 07:42:45.000,3,3,1,0,2,2023-12-01 12:42:03,2023,12
6,24,INC47855473,"166,126,616",121,"6,819,139,276","5,802,727,114","52,728,393","215,070,509",6,4,0,0,1,0,0,8,proceed,cancel,2023-12-02 04:14:10.000,2023-12-09 07:47:41.000,2,2,1,0,1,2023-12-01 20:52:44,2023,12
6,24,INC47848873,"140,946,784",105,"5,848,267,268","5,848,267,268","76,615,600","-99,999",3,3,0,0,0,0,0,7,proceed,cancel,2023-12-01 10:53:13.000,2023-12-09 07:42:43.000,3,3,1,0,2,2023-12-01 09:05:43,2023,12
6,31,INC47851395,"166,126,616",16,"5,703,037,893","5,703,040,921","67,354,644","-99,999",10,3,0,0,1,0,0,3,proceed,cancel,2024-01-04 21:21:20.000,2024-01-12 08:00:42.000,3,3,1,0,2,2023-12-01 15:35:13,2023,12
6,25,INC47855532,"166,126,616",63,"5,759,423,830","5,759,423,830","52,729,432","-99,999",6,3,0,1,0,0,0,3,proceed,cancel,2023-12-01 21:00:34.000,2023-12-09 07:47:42.000,3,3,1,0,2,2023-12-01 20:58:32,2023,12
6,24,INC47855019,"140,946,784",105,"5,848,267,268","5,848,267,268","80,859,673","-99,999",3,3,0,0,0,0,0,8,proceed,cancel,2023-12-02 00:53:13.000,2023-12-09 07:42:51.000,3,3,1,0,2,2023-12-01 20:11:42,2023,12
6,24,INC47849186,"140,946,784",105,"5,848,267,268","5,848,267,268","76,615,600","-99,999",3,3,0,0,0,0,0,7,proceed,cancel,2023-12-01 12:53:14.000,2023-12-09 07:42:44.000,3,3,1,0,2,2023-12-01 11:29:43,2023,12
6,24,INC47854843,"266,226,194",121,"6,817,328,779","6,817,328,779","103,830,082","569,471,010",2,3,0,0,1,0,0,9,proceed,cancel,2023-12-06 17:41:24.000,2023-12-10 10:25:42.000,3,3,1,0,2,2023-12-01 19:56:35,2023,12
6,24,INC47855647,"140,946,784",105,"5,848,267,268","6,230,797,880","76,615,600","-99,999",3,5,0,0,0,0,0,6,proceed,cancel,2023-12-02 17:27:19.000,2023-12-02 17:27:31.000,3,3,1,0,2,2023-12-01 21:09:48,2023,12
6,25,INC47850357,"266,226,194",63,"6,313,447,475","6,313,447,475","103,974,889","569,462,307",6,3,0,1,0,1,0,4,proceed,cancel,2023-12-01 14:16:42.000,2023-12-05 09:21:26.000,3,3,1,0,2,2023-12-01 14:12:14,2023,12
6,24,INC47856937,"140,946,784",105,"5,848,267,268","5,848,267,268","80,859,673","-99,999",3,3,0,0,0,0,0,56,proceed,cancel,2023-12-02 06:23:13.000,2023-12-10 08:22:48.000,3,3,1,0,2,2023-12-02 00:31:37,2023,12
6,31,INC47852442,"140,946,784",122,"5,669,285,268","6,230,797,880","61,667,736","-99,999",2,3,0,0,0,0,0,5,proceed,cancel,2023-12-01 17:13:32.000,2023-12-01 17:14:04.000,3,3,1,0,2,2023-12-01 16:52:55,2023,12
6,24,INC47853470,"166,126,616",121,"5,703,039,254","4,536,264,761","52,729,432","591,460,505",10,3,0,0,0,1,0,11,proceed,cancel,2023-12-06 13:44:41.000,2023-12-14 08:26:00.000,3,3,1,0,2,2023-12-01 18:09:04,2023,12
6,24,INC47856078,"140,946,784",105,"5,848,267,268","5,848,267,268","76,615,600","-99,999",3,3,0,0,0,0,0,8,proceed,cancel,2023-12-02 00:23:14.000,2023-12-09 07:42:53.000,3,3,1,0,2,2023-12-01 21:58:13,2023,12
6,24,INC47856655,"140,946,784",105,"5,848,267,268","5,848,267,268","76,615,600","-99,999",3,3,0,0,0,0,0,8,proceed,cancel,2023-12-02 00:53:13.000,2023-12-09 07:42:54.000,3,3,1,0,2,2023-12-01 23:23:03,2023,12
6,31,INC47854037,"266,226,194",122,"3,790,156,078","6,817,329,232","103,830,079","569,370,289",10,3,0,0,2,1,0,14,proceed,cancel,2023-12-11 16:33:17.000,2023-12-15 07:59:12.000,3,3,1,0,2,2023-12-01 18:54:00,2023,12
6,24,INC47848676,"140,946,784",105,"5,848,267,268","5,848,267,268","80,859,673","-99,999",3,3,0,0,0,0,0,7,proceed,cancel,2023-12-01 08:23:13.000,2023-12-09 07:42:41.000,3,3,1,0,2,2023-12-01 07:03:07,2023,12
6,24,INC47855323,"266,226,194",121,"3,790,156,078","6,313,447,475","103,974,889","569,272,812",10,3,0,1,0,1,0,5,proceed,cancel,2023-12-04 17:58:58.000,2023-12-08 08:02:47.000,3,3,1,0,2,2023-12-01 20:40:46,2023,12
6,31,INC47856736,"166,126,616",122,"6,159,724,047","5,802,727,114","52,728,393","-99,999",10,5,0,0,1,0,0,9,proceed,cancel,2023-12-02 04:25:56.000,2023-12-09 07:47:42.000,2,3,1,0,2,2023-12-01 23:38:59,2023,12
6,24,INC47855055,"140,946,784",105,"5,848,267,268","5,848,267,268","80,859,673","-99,999",3,3,0,0,0,0,0,14,proceed,cancel,2023-12-02 00:53:13.000,2023-12-15 07:46:54.000,3,3,1,0,2,2023-12-01 20:15:43,2023,12
6,24,INC47848494,"140,946,784",105,"5,848,267,268","5,848,267,268","76,615,600","-99,999",3,3,0,0,0,0,0,11,proceed,cancel,2023-12-01 07:53:13.000,2023-12-09 07:42:39.000,3,3,1,0,2,2023-12-01 05:41:21,2023,12
6,31,INC47855162,"166,126,616",16,"5,759,423,830","5,759,423,830","52,729,432","571,456,467",6,3,0,1,0,0,0,3,proceed,cancel,2023-12-01 20:29:04.000,2023-12-09 07:47:41.000,3,3,1,0,2,2023-12-01 20:26:12,2023,12
6,24,INC47854107,"266,226,194",121,"6,838,119,269","6,867,816,819","103,830,082","569,484,641",6,3,0,0,1,1,0,14,proceed,cancel,2023-12-04 16:13:03.000,2023-12-08 08:02:46.000,3,3,1,0,2,2023-12-01 18:58:26,2023,12
6,31,INC47853694,"266,226,194",122,"3,790,156,078","6,817,329,232","103,830,079","569,262,527",10,3,0,0,2,1,0,14,proceed,cancel,2023-12-11 16:33:35.000,2023-12-15 07:59:11.000,3,3,1,0,2,2023-12-01 18:28:09,2023,12
6,24,INC47851384,"140,946,784",105,"5,848,267,268","5,848,267,268","76,615,600","-99,999",3,3,0,0,0,0,0,7,proceed,cancel,2023-12-01 17:23:14.000,2023-12-09 07:42:47.000,3,3,1,0,2,2023-12-01 15:34:13,2023,12
6,24,INC47849783,"266,226,194",121,"6,838,119,269","6,838,119,269","103,974,889","569,338,790",6,3,0,1,0,1,0,5,proceed,cancel,2023-12-01 13:29:23.000,2023-12-05 09:21:26.000,3,3,1,0,2,2023-12-01 13:18:24,2023,12
6,24,INC47849408,"266,226,194",121,"6,264,845,105","6,264,845,105","103,974,889","569,295,949",6,3,0,1,0,0,0,5,proceed,cancel,2023-12-01 12:39:36.000,2023-12-05 09:21:25.000,3,3,1,0,2,2023-12-01 12:29:19,2023,12
6,24,INC47849126,"266,226,194",121,"6,200,018,870","6,264,845,105","103,974,889","569,280,921",6,3,0,1,0,1,0,31,proceed,cancel,2023-12-01 16:06:36.000,2023-12-05 09:21:24.000,3,3,1,0,2,2023-12-01 11:15:02,2023,12
6,24,INC47906253,"140,946,784",105,"5,848,267,268","5,848,267,268","80,859,673","-99,999",3,3,0,0,0,0,0,13,proceed,cancel,2023-12-08 06:53:14.000,2023-12-23 07:39:32.000,3,3,1,0,2,2023-12-08 05:28:35,2023,12
6,31,INC47897813,"166,126,616",16,"5,936,352,761","5,703,040,921","52,728,392","571,456,467",10,3,0,0,1,0,0,7,proceed,cancel,2023-12-07 16:41:49.000,2023-12-15 07:49:56.000,3,3,1,0,2,2023-12-07 11:56:26,2023,12
6,24,INC47897503,"140,946,784",105,"5,848,267,268","5,848,267,268","76,615,600","-99,999",3,3,0,0,0,0,0,15,proceed,cancel,2023-12-08 04:53:13.000,2023-12-15 07:47:23.000,3,3,1,0,2,2023-12-07 09:35:16,2023,12
6,24,INC47902771,"266,226,194",121,"6,817,331,523","6,867,816,743","103,830,082","569,262,992",10,3,0,1,1,1,0,17,proceed,cancel,2023-12-12 19:50:00.000,2023-12-16 08:02:06.000,3,3,1,0,2,2023-12-07 18:52:49,2023,12
6,24,INC47905883,"140,946,784",105,"5,848,267,268","5,848,267,268","80,859,673","-99,999",3,3,0,0,0,0,0,41,proceed,cancel,2023-12-08 08:23:13.000,2023-12-16 07:44:57.000,3,3,1,0,2,2023-12-08 01:31:48,2023,12
6,24,INC47905417,"140,946,784",105,"5,848,267,268","6,345,982,539","61,667,736","-99,999",3,3,0,0,0,0,0,12,proceed,cancel,2023-12-09 08:32:48.000,2023-12-09 08:33:11.000,3,3,1,0,2,2023-12-07 23:23:21,2023,12
6,31,INC47898153,"266,226,194",52,"6,867,816,819","6,867,816,819","103,830,082","569,369,906",7,3,0,0,1,1,0,9,proceed,cancel,2023-12-07 19:56:34.000,2023-12-11 09:07:37.000,3,3,1,0,2,2023-12-07 13:04:23,2023,12
6,24,INC47906077,"140,946,784",105,"5,848,267,268","5,848,267,268","76,615,600","-99,999",3,3,0,0,0,0,0,7,proceed,cancel,2023-12-08 04:53:13.000,2023-12-15 07:47:36.000,3,3,1,0,2,2023-12-08 03:05:08,2023,12
6,31,INC47902508,"266,226,194",52,"3,790,156,078","6,817,329,706","103,830,082","569,255,282",10,3,0,0,1,0,0,9,proceed,cancel,2023-12-11 16:38:37.000,2023-12-15 07:59:17.000,3,3,1,0,2,2023-12-07 18:34:08,2023,12
6,24,INC47905076,"140,946,784",105,"5,848,267,268","5,848,267,268","76,615,600","-99,999",3,5,0,0,0,0,0,9,proceed,cancel,2023-12-08 04:23:13.000,2023-12-15 07:47:34.000,3,3,1,0,2,2023-12-07 22:19:10,2023,12
6,31,INC47897429,"140,946,784",16,"6,293,179,578","6,345,982,539","76,615,600","-99,999",10,3,0,0,3,0,0,23,proceed,cancel,2023-12-12 09:05:02.000,2023-12-12 09:05:32.000,3,3,1,0,2,2023-12-07 08:59:06,2023,12
6,24,INC47906384,"140,946,784",105,"5,848,267,268","6,345,982,539","80,859,673","-99,999",3,3,0,0,0,0,0,22,proceed,cancel,2023-12-09 08:08:57.000,2023-12-09 08:09:30.000,3,3,1,0,2,2023-12-08 06:47:15,2023,12
6,24,INC47905997,"166,126,616",27,"6,358,198,408","5,703,040,921","52,728,392","572,641,182",10,3,0,0,1,0,0,8,proceed,cancel,2023-12-15 15:09:57.000,2023-12-23 07:42:18.000,3,3,1,0,2,2023-12-08 02:21:52,2023,12
6,31,INC47902597,"166,126,616",122,"6,819,139,276","5,703,040,921","52,728,392","591,460,505",6,3,0,0,1,1,0,6,proceed,cancel,2023-12-07 21:02:09.000,2023-12-15 07:49:57.000,3,3,1,0,2,2023-12-07 18:40:47,2023,12
6,31,INC47902916,"166,126,616",122,"5,703,039,025","6,059,124,548","79,181,792","571,323,435",10,3,0,0,2,1,0,10,proceed,cancel,2023-12-11 18:06:38.000,2023-12-19 08:50:39.000,3,3,1,0,2,2023-12-07 19:01:33,2023,12
6,24,INC47906071,"140,946,784",105,"5,848,267,268","5,916,170,592","80,859,673","-99,999",3,3,0,0,0,0,0,17,proceed,cancel,2024-01-15 12:24:46.000,2024-01-15 12:25:04.000,3,3,1,0,2,2023-12-08 03:03:07,2023,12
6,31,INC47901529,"266,226,194",122,"3,790,156,078","6,817,329,706","103,830,082","569,354,337",4,3,0,0,1,1,0,8,proceed,cancel,2023-12-07 17:38:50.000,2023-12-11 09:07:41.000,3,3,1,0,2,2023-12-07 17:21:54,2023,12
6,24,INC47898440,"266,226,194",121,"3,790,156,078","6,817,328,029","103,830,082","569,462,624",10,3,0,0,1,1,0,28,proceed,cancel,2023-12-19 13:29:31.000,2023-12-23 07:50:10.000,3,3,1,0,2,2023-12-07 13:38:02,2023,12
6,24,INC47904269,"266,226,194",121,"3,790,156,078","6,867,816,743","103,830,082","569,365,676",10,3,0,1,1,0,0,21,proceed,cancel,2023-12-18 14:12:59.000,2023-12-22 08:01:32.000,3,3,1,0,2,2023-12-07 20:53:36,2023,12
6,24,INC47916621,"140,946,784",105,"5,848,267,268","5,848,267,268","76,615,600","-99,999",3,3,0,0,0,0,0,9,proceed,cancel,2023-12-09 07:23:13.000,2023-12-14 07:12:44.000,3,3,1,0,2,2023-12-09 05:23:04,2023,12
6,24,INC47897442,"266,226,194",121,"6,200,018,870","6,817,328,029","103,830,082","569,255,282",6,3,0,1,1,0,0,37,proceed,cancel,2023-12-14 20:11:23.000,2023-12-18 08:52:14.000,3,3,1,1,2,2023-12-07 09:07:04,2023,12
6,24,INC47906093,"266,226,194",121,"6,352,927,241","6,352,927,241","103,974,889","569,380,783",6,3,0,1,0,1,0,6,proceed,cancel,2023-12-08 03:31:03.000,2023-12-11 09:07:44.000,3,3,1,0,2,2023-12-08 03:17:06,2023,12
6,24,INC47905356,"166,126,616",27,"6,842,456,985","6,842,456,985","52,729,432","414,126,732",6,3,0,1,2,0,0,7,proceed,cancel,2023-12-07 23:30:12.000,2023-12-15 07:49:58.000,3,3,1,0,2,2023-12-07 23:09:17,2023,12
6,31,INC47912153,"166,126,616",16,"5,703,040,921","6,016,140,447","52,728,391","571,488,533",10,3,0,0,1,0,0,3,proceed,cancel,2023-12-12 14:23:21.000,2023-12-20 08:26:35.000,3,3,1,0,2,2023-12-08 16:59:13,2023,12
6,31,INC47905192,"166,126,616",122,"5,992,191,024","5,992,191,024","79,181,792","571,323,435",10,3,0,0,2,1,0,8,proceed,cancel,2024-01-30 19:59:59.000,2024-02-07 09:02:00.000,3,3,1,0,2,2023-12-07 22:38:34,2023,12
6,24,INC47906383,"140,946,784",105,"5,848,267,268","5,848,267,268","80,859,673","-99,999",3,5,0,0,0,0,0,9,proceed,cancel,2023-12-08 08:23:13.000,2023-12-09 08:09:42.000,3,3,1,0,2,2023-12-08 06:46:46,2023,12
6,24,INC47897850,"140,946,784",105,"5,848,267,268","5,848,267,268","80,859,673","-99,999",3,3,0,0,0,0,0,7,proceed,cancel,2023-12-07 13:53:13.000,2023-12-15 07:47:27.000,3,3,1,0,2,2023-12-07 12:07:50,2023,12
6,24,INC47901628,"266,226,194",121,"3,790,156,078","6,867,816,743","103,830,082","569,262,527",10,3,0,1,1,1,0,28,proceed,cancel,2023-12-19 18:11:35.000,2023-12-23 07:50:11.000,3,3,1,0,2,2023-12-07 17:28:39,2023,12
6,24,INC47897834,"140,946,784",105,"5,848,267,268","5,848,267,268","76,615,600","-99,999",3,3,0,0,0,0,0,7,proceed,cancel,2023-12-07 13:53:14.000,2023-12-15 07:47:26.000,3,3,1,0,2,2023-12-07 12:03:38,2023,12
6,24,INC47905418,"140,946,784",105,"5,848,267,268","5,848,267,268","61,667,736","-99,999",3,3,0,0,0,0,0,8,proceed,cancel,2023-12-08 00:53:13.000,2023-12-09 08:33:21.000,3,3,1,0,2,2023-12-07 23:23:29,2023,12
6,31,INC47901557,"166,126,616",16,"5,703,038,072","6,059,124,548","79,181,792","572,649,035",10,3,0,0,1,0,0,6,proceed,cancel,2023-12-07 19:52:37.000,2023-12-15 07:49:56.000,3,3,1,0,2,2023-12-07 17:23:40,2023,12
6,31,INC47897391,"266,226,194",122,"3,790,156,078","6,817,329,706","103,830,082","569,280,821",4,3,0,0,1,1,0,20,proceed,cancel,2023-12-11 16:53:38.000,2023-12-15 07:59:16.000,3,3,1,0,2,2023-12-07 08:31:53,2023,12
6,31,INC47905987,"166,126,616",122,"5,703,038,072","6,016,140,447","52,728,392","414,111,943",10,3,0,0,1,1,0,8,proceed,cancel,2023-12-11 18:46:14.000,2023-12-19 08:50:40.000,3,3,1,0,2,2023-12-08 02:13:51,2023,12
6,24,INC47905894,"166,126,616",121,"5,767,479,970","6,016,140,447","52,728,392","571,456,192",10,3,0,0,1,1,0,8,proceed,cancel,2023-12-11 18:21:36.000,2023-12-19 08:50:40.000,3,3,1,0,2,2023-12-08 01:35:56,2023,12
6,24,INC47897708,"266,226,194",121,"6,200,018,870","6,200,018,870","103,974,889","569,276,714",6,3,0,1,0,1,0,5,proceed,cancel,2023-12-07 11:34:38.000,2023-12-11 09:07:35.000,3,3,1,0,2,2023-12-07 11:20:22,2023,12
6,31,INC47903952,"266,226,194",122,"3,790,156,078","6,817,331,932","103,830,084","-99,999",10,3,0,1,1,0,0,16,proceed,cancel,2024-01-02 15:28:12.000,2024-01-06 07:47:18.000,3,3,1,0,2,2023-12-07 20:25:04,2023,12
6,24,INC47904478,"140,946,784",105,"5,848,267,268","5,848,267,268","80,859,673","-99,999",3,5,0,0,0,0,0,8,proceed,cancel,2023-12-08 02:23:14.000,2023-12-15 07:47:32.000,3,3,1,0,2,2023-12-07 21:14:59,2023,12
6,24,INC47897443,"140,946,784",105,"5,848,267,268","5,848,267,268","76,615,600","-99,999",3,3,0,0,0,0,0,9,proceed,cancel,2023-12-07 10:23:14.000,2023-12-15 07:47:20.000,3,3,1,0,2,2023-12-07 09:07:27,2023,12
6,24,INC47903748,"140,946,784",105,"5,848,267,268","6,345,982,539","61,667,736","-99,999",3,5,0,0,0,0,0,9,proceed,cancel,2023-12-09 08:29:14.000,2023-12-09 08:29:51.000,3,3,1,0,2,2023-12-07 20:09:38,2023,12
6,24,INC47900917,"266,226,194",121,"3,790,156,078","6,867,816,743","103,830,082","569,311,341",10,3,0,1,1,1,0,22,proceed,cancel,2023-12-07 17:50:18.000,2023-12-11 09:07:40.000,3,3,1,0,2,2023-12-07 16:40:02,2023,12
6,31,INC47899813,"166,126,616",122,"2,438,429,805","6,770,881,793","52,728,392","561,183,411",6,3,0,0,1,1,0,5,proceed,cancel,2023-12-07 16:17:20.000,2023-12-15 07:49:56.000,3,3,1,0,2,2023-12-07 15:23:03,2023,12
6,24,INC47897494,"140,946,784",105,"5,848,267,268","5,848,267,268","76,615,600","-99,999",3,3,0,0,0,0,0,9,proceed,cancel,2023-12-07 11:23:13.000,2023-12-15 07:47:22.000,3,3,1,0,2,2023-12-07 09:32:17,2023,12
6,24,INC47903273,"266,226,194",121,"6,313,447,475","6,867,816,819","103,830,082","569,465,840",6,3,0,1,3,1,0,25,proceed,cancel,2023-12-08 19:29:00.000,2023-12-12 09:21:14.000,3,3,1,0,2,2023-12-07 19:28:35,2023,12
6,31,INC47905172,"166,126,616",122,"5,992,191,024","5,992,191,024","79,181,792","571,323,435",10,3,0,0,2,1,0,7,proceed,cancel,2024-01-30 20:01:13.000,2024-02-07 09:01:59.000,3,3,1,0,2,2023-12-07 22:35:10,2023,12
6,24,INC47906094,"266,226,194",121,"6,799,802,581","6,799,802,581","103,974,889","569,265,189",6,3,0,1,0,1,0,5,proceed,cancel,2023-12-08 22:59:06.000,2023-12-12 09:21:15.000,3,3,1,0,2,2023-12-08 03:17:06,2023,12
6,24,INC47901125,"266,226,194",121,"3,790,156,078","6,817,328,779","103,830,079","569,396,353",10,3,0,0,2,0,0,83,proceed,cancel,2024-04-16 20:06:50.000,2024-04-20 06:39:46.000,3,3,1,0,2,2023-12-07 16:55:26,2023,12
6,24,INC47902711,"140,946,784",105,"5,848,267,268","5,848,267,268","76,615,600","-99,999",3,3,0,0,0,0,0,7,proceed,cancel,2023-12-07 19:53:14.000,2023-12-15 07:47:31.000,3,3,1,0,2,2023-12-07 18:48:20,2023,12
6,31,INC47897912,"140,946,784",52,"6,323,104,377","6,218,754,222","61,667,736","-99,999",10,3,0,0,2,0,0,21,proceed,cancel,2024-01-25 18:33:29.000,2024-01-25 18:33:43.000,3,3,1,0,2,2023-12-07 12:26:05,2023,12
6,24,INC47898600,"266,226,194",121,"3,790,156,078","6,838,119,269","103,974,889","569,262,527",10,3,0,1,0,1,0,18,proceed,cancel,2023-12-13 16:08:08.000,2023-12-17 09:10:33.000,3,3,1,0,2,2023-12-07 13:54:02,2023,12
6,24,INC47897621,"140,946,784",105,"5,848,267,268","5,848,267,268","76,615,600","-99,999",3,3,0,0,0,0,0,7,proceed,cancel,2023-12-08 04:53:14.000,2023-12-15 07:47:24.000,3,3,1,0,2,2023-12-07 10:45:37,2023,12
6,31,INC47905358,"166,126,616",122,"5,703,040,216","6,770,881,793","52,728,392","571,456,192",10,3,0,0,1,1,0,5,proceed,cancel,2023-12-08 00:11:36.000,2023-12-15 07:49:58.000,3,3,1,0,2,2023-12-07 23:09:29,2023,12
6,31,INC47906007,"166,126,616",16,"6,842,456,985","6,842,456,985","52,729,432","571,333,591",6,3,0,1,0,0,0,3,proceed,cancel,2023-12-08 02:30:05.000,2023-12-15 07:49:58.000,3,3,1,0,2,2023-12-08 02:25:54,2023,12
6,24,INC47898426,"140,946,784",105,"5,848,267,268","5,848,267,268","76,615,600","-99,999",3,3,0,0,0,0,0,7,proceed,cancel,2023-12-07 15:23:13.000,2023-12-15 07:47:29.000,3,3,1,0,2,2023-12-07 13:35:49,2023,12
6,31,INC47899337,"166,126,616",122,"6,059,124,547","6,770,881,793","52,728,392","215,177,230",10,3,0,0,1,0,0,8,proceed,cancel,2023-12-15 16:48:19.000,2023-12-23 07:42:18.000,3,3,1,0,2,2023-12-07 14:51:33,2023,12
6,31,INC47904634,"166,126,616",16,"6,343,571,534","5,703,040,921","52,728,392","571,333,591",6,3,0,0,1,0,0,4,proceed,cancel,2023-12-07 22:00:48.000,2023-12-15 07:49:58.000,3,3,1,0,2,2023-12-07 21:30:45,2023,12
6,31,INC47906247,"266,226,194",16,"6,200,018,870","6,200,018,870","103,974,889","569,471,010",6,3,0,1,0,0,0,8,proceed,cancel,2023-12-09 04:23:10.000,2023-12-12 09:21:16.000,3,3,1,0,2,2023-12-08 05:25:17,2023,12
6,31,INC47897932,"140,946,784",16,"6,323,104,377","6,116,482,150","80,859,673","-99,999",10,3,0,0,3,0,0,15,proceed,cancel,2023-12-11 14:54:33.000,2023-12-11 14:54:44.000,3,3,1,0,2,2023-12-07 12:30:35,2023,12
6,24,INC47905550,"166,126,616",51,"5,788,662,360","5,703,040,921","52,728,392","414,014,517",10,5,0,0,2,0,0,8,proceed,cancel,2023-12-11 14:17:36.000,2023-12-19 08:50:40.000,2,3,1,0,2,2023-12-07 23:53:29,2023,12
6,24,INC47898614,"266,226,194",121,"3,790,156,078","6,838,119,269","103,974,889","569,246,095",10,3,0,1,0,1,0,8,proceed,cancel,2023-12-07 14:15:08.000,2023-12-11 09:07:38.000,3,3,1,0,2,2023-12-07 13:55:19,2023,12
6,24,INC47904699,"140,946,784",105,"5,848,267,268","5,848,267,268","61,667,736","-99,999",3,3,0,0,0,0,0,5,proceed,cancel,2023-12-07 22:53:14.000,2023-12-09 08:29:52.000,3,3,1,0,2,2023-12-07 21:37:58,2023,12
6,31,INC47898667,"266,226,194",16,"6,313,447,475","6,313,447,475","103,974,889","569,269,540",6,3,0,1,0,1,0,5,proceed,cancel,2023-12-07 14:14:26.000,2023-12-11 09:07:39.000,3,3,1,0,2,2023-12-07 13:59:49,2023,12
6,31,INC47901190,"266,226,194",122,"6,817,328,779","6,817,328,779","103,830,082","569,316,116",4,3,0,0,2,1,0,10,proceed,cancel,2024-01-17 15:48:43.000,2024-01-21 08:18:16.000,3,3,1,0,2,2023-12-07 17:00:09,2023,12
6,31,INC47901286,"166,126,616",122,"6,059,124,548","6,059,124,548","79,181,792","215,117,249",10,3,0,0,1,1,0,3,proceed,cancel,2023-12-07 17:17:35.000,2023-12-15 07:49:56.000,3,3,1,0,2,2023-12-07 17:07:00,2023,12
6,31,INC47906344,"140,946,784",16,"6,293,179,578","5,916,170,592","76,615,600","-99,999",10,3,0,0,1,0,0,13,proceed,cancel,2023-12-12 09:34:19.000,2023-12-12 09:35:25.000,3,3,1,0,2,2023-12-08 06:32:10,2023,12
6,24,INC47934299,"140,946,784",105,"5,848,267,268","6,345,982,539","76,615,600","-99,999",3,3,0,0,1,0,0,6,proceed,cancel,2023-12-16 12:22:57.000,2023-12-16 12:23:17.000,3,3,1,0,2,2023-12-12 07:29:07,2023,12
6,24,INC47905898,"140,946,784",105,"5,848,267,268","5,848,267,268","76,615,600","-99,999",3,3,0,0,0,0,0,7,proceed,cancel,2023-12-08 02:53:13.000,2023-12-15 07:47:35.000,3,3,1,0,2,2023-12-08 01:36:57,2023,12
6,24,INC47901259,"140,946,784",105,"5,848,267,268","6,345,982,539","61,667,736","-99,999",3,3,0,0,0,0,0,17,proceed,cancel,2023-12-09 08:29:13.000,2023-12-09 08:29:30.000,3,3,1,0,2,2023-12-07 17:04:48,2023,12
6,31,INC47906047,"166,126,616",52,"5,882,166,307","5,703,040,921","52,728,392","215,177,230",10,3,0,0,1,0,0,17,proceed,cancel,2023-12-13 18:27:35.000,2023-12-21 08:31:56.000,3,3,1,0,2,2023-12-08 02:45:19,2023,12
6,24,INC47905307,"166,126,616",121,"6,026,174,636","6,197,463,044","52,728,393","215,113,884",10,5,0,0,3,1,0,13,proceed,cancel,2023-12-08 13:19:29.000,2023-12-16 07:52:08.000,2,3,1,0,2,2023-12-07 22:59:54,2023,12
6,31,INC47898085,"266,226,194",122,"6,867,816,819","6,867,816,819","103,830,082","569,308,126",7,3,0,0,1,1,0,9,proceed,cancel,2023-12-07 19:57:47.000,2023-12-11 09:07:36.000,3,3,1,0,2,2023-12-07 12:54:43,2023,12
6,24,INC47897860,"140,946,784",105,"5,848,267,268","5,848,267,268","80,859,673","-99,999",3,3,0,0,0,0,0,7,proceed,cancel,2023-12-07 13:53:13.000,2023-12-15 07:47:28.000,3,3,1,0,2,2023-12-07 12:11:48,2023,12
6,31,INC47901687,"166,126,616",122,"6,059,124,548","5,703,038,618","52,728,391","571,419,514",10,3,0,0,1,1,0,6,proceed,cancel,2023-12-12 15:33:52.000,2023-12-20 08:26:35.000,3,3,1,0,2,2023-12-07 17:31:55,2023,12
6,24,INC47900373,"266,226,194",121,"3,790,156,078","6,867,816,743","103,830,082","569,362,801",10,3,0,1,1,1,0,29,proceed,cancel,2023-12-07 17:58:35.000,2023-12-11 09:07:39.000,3,3,1,0,2,2023-12-07 15:58:14,2023,12
6,24,INC47899127,"140,946,784",105,"5,848,267,268","5,848,267,268","80,859,673","-99,999",3,3,0,0,0,0,0,11,proceed,cancel,2023-12-07 18:23:13.000,2023-12-15 07:47:30.000,3,3,1,0,2,2023-12-07 14:35:47,2023,12
6,24,INC47905071,"140,946,784",105,"5,848,267,268","5,848,267,268","80,859,673","-99,999",3,5,0,0,0,0,0,14,proceed,cancel,2023-12-08 04:23:14.000,2023-12-15 07:47:33.000,3,3,1,0,2,2023-12-07 22:18:08,2023,12
6,31,INC47905900,"166,126,616",52,"6,012,526,307","5,703,040,921","67,354,644","-99,999",10,3,0,0,2,0,0,7,proceed,cancel,2024-01-19 18:16:06.000,2024-01-27 07:46:19.000,3,3,1,0,2,2023-12-08 01:37:19,2023,12
6,31,INC47902185,"166,126,616",16,"5,882,166,307","6,059,124,548","79,181,792","572,649,035",10,3,0,0,1,0,0,10,proceed,cancel,2023-12-07 20:30:47.000,2023-12-15 07:49:57.000,3,3,1,0,2,2023-12-07 18:12:08,2023,12
6,24,INC47903113,"266,226,194",51,"6,838,119,269","6,867,816,819","103,830,082","569,309,093",6,3,0,0,1,1,0,13,proceed,cancel,2023-12-08 15:34:38.000,2023-12-12 09:21:12.000,3,3,1,0,2,2023-12-07 19:16:33,2023,12
6,24,INC47903446,"166,126,616",51,"6,853,836,737","6,853,836,737","52,729,432","215,033,832",6,3,0,1,0,0,0,7,proceed,cancel,2023-12-08 13:43:35.000,2023-12-16 07:52:07.000,3,3,1,0,2,2023-12-07 19:43:26,2023,12
6,31,INC47905310,"166,126,616",122,"5,788,661,775","5,703,040,921","52,728,392","591,460,505",10,3,0,0,1,1,0,10,proceed,cancel,2023-12-08 20:29:07.000,2023-12-16 07:52:08.000,3,3,1,0,2,2023-12-07 23:00:09,2023,12
6,24,INC47906195,"140,946,784",105,"5,848,267,268","5,848,267,268","76,615,600","-99,999",3,3,0,0,0,0,0,7,proceed,cancel,2023-12-08 06:23:14.000,2023-12-16 07:44:58.000,3,3,1,0,2,2023-12-08 04:37:17,2023,12
6,31,INC47904482,"166,126,616",16,"6,343,571,534","6,343,571,534","52,729,432","571,456,467",6,3,0,1,0,0,0,3,proceed,cancel,2023-12-07 21:18:37.000,2023-12-15 07:49:57.000,3,3,1,0,2,2023-12-07 21:15:22,2023,12
6,24,INC47897905,"266,226,194",121,"6,264,845,105","6,264,845,105","103,974,889","569,465,840",6,3,0,1,0,1,0,8,proceed,cancel,2023-12-07 12:33:31.000,2023-12-11 09:07:36.000,3,3,1,0,2,2023-12-07 12:25:10,2023,12
6,31,INC47897413,"140,946,784",16,"6,293,179,578","6,293,179,578","76,615,600","-99,999",10,3,0,0,1,0,0,17,proceed,cancel,2023-12-19 07:46:26.000,2023-12-19 07:48:14.000,3,3,1,0,2,2023-12-07 08:48:47,2023,12
6,31,INC47898880,"166,126,616",16,"5,703,040,921","6,016,140,447","52,728,391","571,417,627",10,3,0,0,1,0,0,4,proceed,cancel,2023-12-11 18:47:19.000,2023-12-19 08:50:39.000,3,3,1,0,2,2023-12-07 14:15:20,2023,12
6,24,INC47897485,"140,946,784",105,"5,848,267,268","5,848,267,268","76,615,600","-99,999",3,3,0,0,0,0,0,32,proceed,cancel,2023-12-07 11:23:13.000,2023-12-15 07:47:21.000,3,3,1,0,2,2023-12-07 09:29:17,2023,12
6,24,INC47891882,"166,126,616",121,"6,278,128,230","6,770,881,793","52,728,392","572,594,690",10,3,0,0,1,1,0,10,proceed,cancel,2023-12-06 19:51:11.000,2023-12-14 08:26:03.000,3,3,1,0,2,2023-12-06 17:20:20,2023,12
6,31,INC47900766,"266,226,194",122,"3,790,156,078","6,247,695,725","103,974,889","569,362,801",10,3,0,1,0,1,0,9,proceed,cancel,2023-12-08 19:50:25.000,2023-12-12 09:21:11.000,3,3,1,0,2,2023-12-07 16:27:21,2023,12
6,24,INC47906088,"266,226,194",121,"6,799,802,581","6,799,802,581","103,974,889","569,265,189",6,3,0,1,0,1,0,5,proceed,cancel,2023-12-08 22:59:48.000,2023-12-12 09:21:15.000,3,3,1,0,2,2023-12-08 03:12:39,2023,12
6,24,INC47895412,"140,946,784",105,"5,848,267,268","6,293,179,578","76,615,600","-99,999",3,3,0,0,0,0,0,14,proceed,cancel,2023-12-08 08:54:08.000,2023-12-08 08:54:40.000,3,3,1,0,2,2023-12-06 21:52:27,2023,12
6,24,INC47905825,"140,946,784",105,"5,848,267,268","5,848,267,268","80,859,673","-99,999",3,3,0,0,0,0,0,10,proceed,cancel,2023-12-08 22:23:15.000,2023-12-23 07:39:31.000,3,3,1,0,2,2023-12-08 01:07:48,2023,12
6,24,INC47897133,"140,946,784",105,"5,848,267,268","5,848,267,268","76,615,600","-99,999",3,3,0,0,0,0,0,8,proceed,cancel,2023-12-07 07:23:13.000,2023-12-15 07:47:19.000,3,3,1,0,2,2023-12-07 06:07:05,2023,12
6,31,INC47905108,"266,226,194",122,"5,802,967,307","5,802,967,307","103,974,889","569,276,714",6,3,0,1,0,1,0,6,proceed,cancel,2023-12-07 22:35:35.000,2023-12-11 09:07:43.000,3,3,1,0,2,2023-12-07 22:25:24,2023,12
6,24,INC47905826,"140,946,784",105,"5,848,267,268","5,848,267,268","80,859,673","-99,999",3,3,0,0,0,0,0,58,proceed,cancel,2023-12-08 07:23:13.000,2023-12-16 07:44:56.000,3,3,1,0,2,2023-12-08 01:07:50,2023,12
6,31,INC47897527,"266,226,194",122,"3,790,156,078","6,264,845,105","103,974,889","569,473,205",4,3,0,1,0,1,0,16,proceed,cancel,2023-12-08 18:02:40.000,2023-12-12 09:21:11.000,3,3,1,0,2,2023-12-07 09:47:41,2023,12
6,31,INC47903137,"266,226,194",122,"3,790,156,078","6,817,331,932","103,830,084","569,393,051",10,3,0,1,2,1,0,26,proceed,cancel,2023-12-08 15:08:16.000,2023-12-12 09:21:13.000,3,3,1,0,2,2023-12-07 19:18:33,2023,12
6,25,INC47896686,"266,226,194",63,"5,802,967,307","5,802,967,307","103,974,889","569,246,095",6,3,0,1,0,1,0,6,proceed,cancel,2023-12-07 02:16:20.000,2023-12-10 10:26:02.000,3,3,1,0,2,2023-12-07 02:14:11,2023,12
6,31,INC47904736,"266,226,194",122,"3,790,156,078","6,817,329,706","103,830,082","-99,999",10,3,0,0,1,0,0,15,proceed,cancel,2023-12-11 23:26:49.000,2023-12-15 07:59:18.000,3,3,1,0,2,2023-12-07 21:40:14,2023,12
6,31,INC47889188,"266,226,194",122,"6,867,816,819","6,867,816,819","103,830,082","569,354,765",7,3,0,0,1,0,0,11,proceed,cancel,2023-12-06 20:12:40.000,2023-12-10 10:25:57.000,3,3,1,0,2,2023-12-06 14:22:21,2023,12
6,24,INC47899128,"140,946,784",105,"5,848,267,268","5,848,267,268","80,859,673","-99,999",3,3,0,0,0,0,0,11,proceed,cancel,2023-12-07 18:23:13.000,2023-12-15 07:47:30.000,3,3,1,0,2,2023-12-07 14:35:49,2023,12
6,24,INC47898323,"266,226,194",121,"6,264,845,105","6,264,845,105","103,974,889","569,465,840",6,3,0,1,0,1,0,11,proceed,cancel,2023-12-07 13:38:56.000,2023-12-11 09:07:38.000,3,3,1,0,2,2023-12-07 13:23:35,2023,12
6,24,INC47902136,"266,226,194",121,"6,313,447,475","6,867,816,743","103,830,082","569,280,921",6,3,0,1,1,1,0,20,proceed,cancel,2023-12-07 19:14:04.000,2023-12-11 09:07:41.000,3,3,1,0,2,2023-12-07 18:09:07,2023,12
6,31,INC47903224,"266,226,194",122,"6,867,816,819","6,867,816,819","103,830,082","569,354,765",7,3,0,1,1,0,0,9,proceed,cancel,2023-12-07 20:08:32.000,2023-12-11 09:07:42.000,3,3,1,0,2,2023-12-07 19:24:38,2023,12
6,24,INC47897633,"140,946,784",105,"5,848,267,268","5,848,267,268","76,615,600","-99,999",3,3,0,0,0,0,0,8,proceed,cancel,2023-12-08 04:53:14.000,2023-12-15 07:47:25.000,3,3,1,0,2,2023-12-07 10:49:18,2023,12
6,31,INC47939338,"266,226,194",122,"3,790,156,078","6,817,329,706","103,830,082","569,262,992",4,3,0,0,1,1,0,11,proceed,cancel,2023-12-14 15:58:48.000,2023-12-18 08:52:20.000,3,3,1,0,2,2023-12-12 17:52:53,2023,12
6,24,INC47934667,"140,946,784",105,"5,848,267,268","5,848,267,268","80,859,673","-99,999",3,3,0,0,0,0,0,7,proceed,cancel,2023-12-12 11:53:16.000,2023-12-12 13:02:39.000,3,3,1,0,2,2023-12-12 10:31:58,2023,12
6,24,INC47944223,"140,946,784",105,"5,848,267,268","6,293,179,578","76,615,600","-99,999",3,3,0,0,0,0,0,12,proceed,cancel,2023-12-14 03:11:10.000,2023-12-14 03:11:36.000,3,3,1,0,2,2023-12-13 06:11:16,2023,12
6,24,INC47934893,"140,946,784",105,"5,848,267,268","5,848,267,268","76,615,600","-99,999",3,3,0,0,0,0,0,7,proceed,cancel,2023-12-12 15:53:14.000,2023-12-19 03:54:38.000,3,3,1,0,2,2023-12-12 12:03:29,2023,12
6,31,INC47940616,"166,126,616",122,"5,796,265,501","5,703,040,921","52,728,392","571,419,514",10,3,0,0,1,1,0,9,proceed,cancel,2023-12-15 15:11:48.000,2023-12-23 07:42:19.000,3,3,1,0,2,2023-12-12 19:21:33,2023,12
6,24,INC47946396,"266,226,194",121,"6,817,331,298","6,867,816,819","103,830,082","569,484,641",6,3,0,0,1,1,0,18,proceed,cancel,2023-12-26 14:07:19.000,2023-12-30 07:38:22.000,3,3,1,0,2,2023-12-13 14:19:28,2023,12
6,31,INC47944874,"140,946,784",16,"5,916,170,592","6,323,104,377","76,615,600","-99,999",10,3,0,0,3,0,0,14,proceed,cancel,2023-12-13 10:00:15.000,2023-12-13 10:00:27.000,3,3,1,0,2,2023-12-13 09:05:36,2023,12
6,24,INC47934276,"140,946,784",105,"5,848,267,268","5,848,267,268","76,615,600","-99,999",3,3,0,0,0,0,0,7,proceed,cancel,2023-12-12 09:53:13.000,2023-12-20 07:41:47.000,3,3,1,0,2,2023-12-12 07:16:26,2023,12
6,31,INC47936050,"266,226,194",122,"6,867,816,819","6,867,816,819","103,830,082","569,354,765",7,3,0,1,1,0,0,8,proceed,cancel,2023-12-12 20:22:30.000,2023-12-16 08:02:17.000,3,3,1,0,2,2023-12-12 14:12:05,2023,12
6,31,INC47937107,"266,226,194",16,"6,817,329,281","6,817,328,029","103,830,082","569,446,527",6,3,0,1,1,1,0,18,proceed,cancel,2023-12-14 20:11:10.000,2023-12-18 08:52:19.000,3,3,1,0,2,2023-12-12 15:17:37,2023,12
6,24,INC47943626,"140,946,784",105,"5,848,267,268","5,848,267,268","76,615,600","-99,999",3,3,0,0,0,0,0,7,proceed,cancel,2023-12-13 02:53:14.000,2023-12-20 07:41:56.000,3,3,1,0,2,2023-12-13 01:38:29,2023,12
6,24,INC47947028,"140,946,784",105,"5,848,267,268","5,848,267,268","76,615,600","-99,999",3,3,0,0,0,0,0,7,proceed,cancel,2023-12-13 18:23:13.000,2023-12-21 07:41:13.000,3,3,1,0,2,2023-12-13 15:09:28,2023,12
6,24,INC47943328,"266,226,194",121,"5,802,967,307","5,802,967,307","103,974,889","569,262,527",6,3,0,1,0,1,0,6,proceed,cancel,2023-12-13 01:00:45.000,2023-12-16 08:02:24.000,3,3,1,0,2,2023-12-13 00:55:43,2023,12
6,24,INC47934422,"140,946,784",105,"5,848,267,268","5,848,267,268","76,615,600","-99,999",3,3,0,0,0,0,0,7,proceed,cancel,2023-12-12 11:23:15.000,2023-12-19 03:54:27.000,3,3,1,0,2,2023-12-12 08:39:18,2023,12
6,24,INC47953659,"140,946,784",105,"5,848,267,268","6,293,179,578","76,615,600","-99,999",3,3,0,0,0,0,0,15,proceed,cancel,2023-12-15 06:47:57.000,2023-12-15 06:49:11.000,3,3,1,0,2,2023-12-14 05:08:17,2023,12
6,31,INC47943619,"166,126,616",122,"6,842,456,985","6,197,463,044","52,728,393","215,117,249",6,3,0,0,1,1,0,9,proceed,cancel,2023-12-13 01:53:39.000,2023-12-20 08:26:40.000,3,3,1,0,2,2023-12-13 01:36:03,2023,12
6,31,INC47942876,"166,126,616",52,"5,788,661,775","5,703,040,921","52,728,392","591,460,505",10,3,0,0,1,1,0,6,proceed,cancel,2023-12-21 18:17:18.000,2023-12-29 07:25:32.000,3,3,1,0,2,2023-12-12 23:03:20,2023,12
6,24,INC47951677,"166,126,616",51,"6,197,463,044","5,703,040,921","52,728,392","571,409,834",10,3,0,0,1,0,0,5,proceed,cancel,2023-12-21 14:55:17.000,2023-12-29 07:25:32.000,3,3,1,0,2,2023-12-13 21:03:54,2023,12
6,24,INC47934263,"140,946,784",105,"5,848,267,268","5,848,267,268","80,859,673","-99,999",3,3,0,0,0,0,0,7,proceed,cancel,2023-12-12 22:23:14.000,2023-12-16 12:26:25.000,3,3,1,0,2,2023-12-12 07:11:06,2023,12
6,31,INC47939068,"166,126,616",122,"5,945,227,918","6,197,463,044","52,728,393","215,117,249",10,3,0,0,1,1,0,9,proceed,cancel,2023-12-18 17:21:38.000,2023-12-26 08:58:05.000,3,3,1,0,2,2023-12-12 17:32:20,2023,12
6,24,INC47943891,"166,126,616",121,"6,856,504,542","5,802,727,114","52,728,393","215,070,509",10,3,0,0,1,0,0,7,proceed,cancel,2023-12-15 21:22:02.000,2023-12-23 07:42:19.000,3,3,1,0,2,2023-12-13 03:22:29,2023,12
6,24,INC47952632,"140,946,784",105,"5,848,267,268","5,848,267,268","80,859,673","-99,999",3,3,0,0,0,0,0,21,proceed,cancel,2023-12-14 05:23:13.000,2023-12-21 07:41:15.000,3,3,1,0,2,2023-12-13 23:05:29,2023,12
6,24,INC47934942,"266,226,194",121,"6,838,119,269","6,867,816,743","103,830,082","569,339,437",2,3,0,1,1,1,0,39,proceed,cancel,2024-01-05 17:08:04.000,2024-01-09 09:24:03.000,3,3,1,0,2,2023-12-12 12:16:50,2023,12
6,24,INC47951853,"140,946,784",105,"5,848,267,268","6,293,179,578","76,615,600","-99,999",3,5,0,0,0,0,0,9,proceed,cancel,2023-12-14 02:38:47.000,2023-12-14 02:39:36.000,3,3,1,0,2,2023-12-13 21:19:42,2023,12
6,24,INC47951708,"166,126,616",121,"6,863,763,519","5,802,727,114","52,728,393","215,117,249",10,3,0,0,1,1,0,9,proceed,cancel,2023-12-18 23:54:58.000,2023-12-26 08:58:06.000,3,3,1,0,2,2023-12-13 21:06:19,2023,12
6,31,INC47945156,"140,946,784",52,"6,116,482,150","5,916,170,592","76,615,600","-99,999",4,3,0,0,1,0,0,14,proceed,cancel,2023-12-26 07:52:58.000,2023-12-26 07:53:15.000,3,3,1,0,2,2023-12-13 11:08:48,2023,12
6,24,INC47939253,"266,226,194",121,"6,817,329,420","6,817,329,420","103,830,082","569,370,289",2,3,0,0,1,1,0,14,proceed,cancel,2023-12-13 18:17:20.000,2023-12-17 09:10:36.000,3,3,1,0,2,2023-12-12 17:46:15,2023,12
6,24,INC47942020,"140,946,784",105,"5,848,267,268","5,848,267,268","76,615,600","-99,999",3,3,0,0,0,0,0,7,proceed,cancel,2023-12-13 00:23:13.000,2023-12-19 03:54:42.000,3,3,1,0,2,2023-12-12 21:11:24,2023,12
6,24,INC47934643,"140,946,784",105,"5,848,267,268","5,848,267,268","76,615,600","-99,999",3,5,0,0,0,0,0,11,proceed,cancel,2023-12-12 11:23:15.000,2023-12-20 07:41:48.000,3,3,1,0,2,2023-12-12 10:21:27,2023,12
6,24,INC47934669,"140,946,784",105,"5,848,267,268","5,848,267,268","80,859,673","-99,999",3,5,0,0,0,0,0,6,proceed,cancel,2023-12-12 11:53:16.000,2023-12-12 13:02:31.000,3,3,1,0,2,2023-12-12 10:32:02,2023,12
6,24,INC47934665,"140,946,784",105,"5,848,267,268","5,848,267,268","80,859,673","-99,999",3,3,0,0,0,0,0,7,proceed,cancel,2023-12-12 11:53:14.000,2023-12-12 13:02:34.000,3,3,1,0,2,2023-12-12 10:31:47,2023,12
6,24,INC47943101,"140,946,784",105,"5,848,267,268","5,848,267,268","76,615,600","-99,999",3,3,0,0,0,0,0,7,proceed,cancel,2023-12-13 01:23:20.000,2023-12-19 03:54:50.000,3,3,1,0,2,2023-12-12 23:59:18,2023,12
6,24,INC47944876,"266,226,194",121,"6,737,115,314","6,200,018,870","103,974,889","569,435,003",6,3,0,1,0,1,0,7,proceed,cancel,2023-12-13 10:01:32.000,2023-12-17 09:10:38.000,3,3,1,0,2,2023-12-13 09:06:49,2023,12
6,24,INC47936892,"140,946,784",105,"5,848,267,268","5,848,267,268","76,615,600","-99,999",3,3,0,0,0,0,0,7,proceed,cancel,2023-12-12 18:23:13.000,2023-12-20 07:41:51.000,3,3,1,0,2,2023-12-12 15:05:10,2023,12
6,31,INC47940194,"140,946,784",52,"6,218,754,222","6,293,179,578","61,667,736","-99,999",10,3,0,0,2,0,0,18,proceed,cancel,2024-01-20 12:24:27.000,2024-01-20 12:24:52.000,3,3,1,0,2,2023-12-12 18:58:32,2023,12
6,24,INC47934661,"140,946,784",105,"5,848,267,268","5,848,267,268","80,859,673","-99,999",3,3,0,0,0,0,0,7,proceed,cancel,2023-12-12 11:53:14.000,2023-12-12 13:02:33.000,3,3,1,0,2,2023-12-12 10:30:46,2023,12
6,24,INC47941251,"266,226,194",121,"6,838,119,269","6,817,329,706","103,830,082","569,339,437",6,3,0,0,1,1,0,23,proceed,cancel,2023-12-13 16:21:14.000,2023-12-17 09:10:37.000,3,3,1,0,2,2023-12-12 20:08:08,2023,12
6,24,INC47939665,"140,946,784",105,"5,848,267,268","5,848,267,268","76,615,600","-99,999",3,3,0,0,0,0,0,7,proceed,cancel,2023-12-12 19:23:14.000,2023-12-20 07:41:55.000,3,3,1,0,2,2023-12-12 18:16:08,2023,12
6,24,INC47936972,"266,226,194",121,"6,838,119,269","6,313,447,475","103,974,889","569,246,095",6,3,0,1,0,1,0,9,proceed,cancel,2023-12-12 15:51:15.000,2023-12-16 08:02:19.000,3,3,1,0,2,2023-12-12 15:09:35,2023,12
6,24,INC47945909,"266,226,194",122,"6,838,119,269","6,838,119,269","103,974,889","569,280,921",6,3,0,1,0,1,0,9,proceed,cancel,2023-12-13 13:41:43.000,2023-12-17 09:10:40.000,3,3,1,0,2,2023-12-13 13:33:49,2023,12
6,24,INC47939419,"266,226,194",121,"6,838,119,269","6,838,119,269","103,974,889","569,446,671",6,3,0,1,0,1,0,5,proceed,cancel,2023-12-12 18:03:01.000,2023-12-16 08:02:23.000,3,3,1,0,2,2023-12-12 17:58:40,2023,12
6,24,INC47953104,"266,226,194",121,"5,802,967,307","5,802,967,307","103,974,889","569,262,527",6,3,0,1,0,1,0,6,proceed,cancel,2023-12-14 01:03:31.000,2023-12-17 09:10:54.000,3,3,1,0,2,2023-12-14 01:00:38,2023,12
6,24,INC47934663,"140,946,784",105,"5,848,267,268","5,848,267,268","80,859,673","-99,999",3,3,0,0,0,0,0,7,proceed,cancel,2023-12-12 11:53:14.000,2023-12-12 13:02:38.000,3,3,1,0,2,2023-12-12 10:31:40,2023,12
6,24,INC47944023,"266,226,194",27,"5,802,967,307","6,867,816,819","103,830,082","569,469,943",6,3,0,0,1,1,0,18,proceed,cancel,2023-12-15 20:12:28.000,2023-12-19 09:01:55.000,3,3,1,0,2,2023-12-13 04:41:39,2023,12
6,24,INC47934844,"266,226,194",121,"6,200,018,870","6,264,845,105","103,974,889","569,255,282",6,3,0,1,4,0,0,36,proceed,cancel,2023-12-13 14:15:00.000,2023-12-17 09:10:34.000,3,3,1,1,2,2023-12-12 11:45:39,2023,12
6,31,INC47942476,"166,126,616",16,"6,159,723,894","5,802,727,114","52,728,393","571,286,309",10,3,0,0,2,0,0,10,proceed,cancel,2023-12-15 21:23:21.000,2023-12-23 07:42:19.000,3,3,1,0,2,2023-12-12 22:03:28,2023,12
6,24,INC47934807,"266,226,194",121,"6,304,994,586","6,264,845,105","103,974,889","569,465,840",6,3,0,1,2,1,0,15,proceed,cancel,2023-12-12 19:16:41.000,2023-12-16 08:02:16.000,3,3,1,0,2,2023-12-12 11:31:36,2023,12
6,24,INC47938723,"140,946,784",105,"5,848,267,268","5,848,267,268","76,615,600","-99,999",3,3,0,0,0,0,0,7,proceed,cancel,2023-12-12 20:23:18.000,2023-12-19 03:54:29.000,3,3,1,0,2,2023-12-12 17:07:18,2023,12
6,31,INC47936530,"266,226,194",52,"6,867,816,819","6,867,816,819","103,830,082","569,369,906",2,3,0,0,1,1,0,9,proceed,cancel,2023-12-12 20:24:11.000,2023-12-16 08:02:18.000,3,3,1,0,2,2023-12-12 14:43:58,2023,12
6,24,INC47944080,"140,946,784",105,"5,848,267,268","6,116,482,150","80,859,673","-99,999",3,3,0,0,0,0,0,10,proceed,cancel,2023-12-14 17:43:32.000,2023-12-14 17:43:50.000,3,3,1,0,2,2023-12-13 05:13:17,2023,12
6,24,INC47943567,"140,946,784",105,"5,848,267,268","5,848,267,268","61,667,736","-99,999",3,3,0,0,0,0,0,5,proceed,cancel,2023-12-13 02:53:14.000,2023-12-16 07:27:23.000,3,3,1,0,2,2023-12-13 01:26:19,2023,12
6,31,INC47937104,"166,126,616",122,"5,788,661,775","6,197,463,044","52,728,393","215,117,249",10,3,0,0,1,1,0,7,proceed,cancel,2023-12-13 01:55:17.000,2023-12-20 08:26:38.000,3,3,1,0,2,2023-12-12 15:17:21,2023,12
6,24,INC47938820,"140,946,784",105,"5,848,267,268","5,848,267,268","76,615,600","-99,999",3,3,0,0,0,0,0,7,proceed,cancel,2023-12-12 18:23:14.000,2023-12-20 07:41:53.000,3,3,1,0,2,2023-12-12 17:13:39,2023,12
6,24,INC47941985,"266,226,194",121,"6,799,802,581","6,799,802,581","103,974,889","569,280,921",6,3,0,1,0,1,0,4,proceed,cancel,2023-12-12 21:13:04.000,2023-12-16 08:02:23.000,3,3,1,0,2,2023-12-12 21:08:44,2023,12
6,31,INC47938935,"266,226,194",122,"3,790,156,078","6,867,816,743","103,830,082","569,364,558",10,3,0,1,1,1,0,17,proceed,cancel,2023-12-12 21:08:50.000,2023-12-16 08:02:21.000,3,3,1,0,2,2023-12-12 17:22:17,2023,12
6,31,INC47947732,"140,946,784",122,"6,116,482,150","6,293,179,578","80,859,673","-99,999",10,3,0,0,3,0,0,31,proceed,cancel,2024-01-26 15:03:27.000,2024-01-26 15:03:57.000,3,3,1,0,2,2023-12-13 15:58:06,2023,12
6,24,INC47942261,"140,946,784",105,"5,848,267,268","5,848,267,268","61,667,736","-99,999",3,3,0,0,0,0,0,7,proceed,cancel,2023-12-13 17:23:14.000,2023-12-15 10:09:37.000,3,3,1,0,2,2023-12-12 21:38:38,2023,12
6,31,INC47940782,"166,126,616",122,"6,816,701,351","6,770,881,793","52,728,392","571,456,192",6,3,0,0,1,1,0,7,proceed,cancel,2023-12-12 20:10:39.000,2023-12-20 08:26:39.000,3,3,1,0,2,2023-12-12 19:34:18,2023,12
6,24,INC47940002,"166,126,616",27,"6,816,701,351","5,703,040,921","52,728,392","572,494,758",6,4,0,0,1,1,0,9,proceed,cancel,2023-12-12 21:58:35.000,2023-12-20 08:26:39.000,2,2,1,0,1,2023-12-12 18:43:06,2023,12
6,31,INC47936022,"266,226,194",122,"6,867,816,819","6,867,816,743","103,830,082","569,288,191",7,3,0,1,1,0,0,8,proceed,cancel,2023-12-13 14:19:18.000,2023-12-17 09:10:35.000,3,3,1,0,2,2023-12-12 14:10:33,2023,12
6,31,INC47934241,"140,946,784",16,"6,213,586,282","6,293,179,578","76,615,600","-99,999",10,3,0,0,3,0,0,17,proceed,cancel,2023-12-13 07:12:02.000,2023-12-13 07:21:04.000,3,3,1,0,2,2023-12-12 06:57:54,2023,12
6,24,INC47941386,"140,946,784",105,"5,848,267,268","5,848,267,268","76,615,600","-99,999",3,3,0,0,0,0,0,7,proceed,cancel,2023-12-12 21:53:18.000,2023-12-19 03:54:36.000,3,3,1,0,2,2023-12-12 20:16:09,2023,12
6,24,INC47941398,"140,946,784",105,"5,848,267,268","5,848,267,268","80,859,673","-99,999",3,3,0,0,0,0,0,126,proceed,cancel,2023-12-13 09:23:13.000,2023-12-21 07:41:06.000,3,3,1,0,2,2023-12-12 20:17:09,2023,12
6,24,INC47934653,"140,946,784",105,"5,848,267,268","5,848,267,268","80,859,673","-99,999",3,3,0,0,0,0,0,7,proceed,cancel,2023-12-12 11:53:14.000,2023-12-20 07:41:49.000,3,3,1,0,2,2023-12-12 10:28:08,2023,12
6,31,INC47937003,"166,126,616",122,"2,438,429,805","5,703,040,921","52,728,392","572,556,054",6,3,0,0,1,0,0,5,proceed,cancel,2023-12-12 21:59:56.000,2023-12-20 08:26:38.000,3,3,1,0,2,2023-12-12 15:11:48,2023,12
6,24,INC47942518,"140,946,784",105,"5,848,267,268","5,848,267,268","80,859,673","-99,999",3,3,0,0,0,0,0,21,proceed,cancel,2023-12-13 09:23:13.000,2023-12-21 07:41:07.000,3,3,1,0,2,2023-12-12 22:09:09,2023,12
6,24,INC47943365,"140,946,784",105,"5,848,267,268","5,848,267,268","61,667,736","-99,999",3,3,0,0,0,0,0,10,proceed,cancel,2023-12-13 17:53:13.000,2023-12-23 07:39:46.000,3,3,1,0,2,2023-12-13 01:06:16,2023,12
6,24,INC47943338,"140,946,784",105,"5,848,267,268","5,848,267,268","76,615,600","-99,999",3,3,0,0,0,0,0,7,proceed,cancel,2023-12-13 04:23:13.000,2023-12-19 03:54:53.000,3,3,1,0,2,2023-12-13 00:59:16,2023,12
6,24,INC47937838,"266,226,194",51,"3,790,156,078","6,867,816,819","103,830,082","569,324,130",10,3,0,1,1,1,0,25,proceed,cancel,2023-12-18 16:38:13.000,2023-12-22 08:01:35.000,3,3,1,0,2,2023-12-12 16:05:23,2023,12
6,24,INC47940431,"266,226,194",121,"6,838,119,269","6,838,119,269","103,974,889","569,338,790",6,3,0,1,0,1,0,14,proceed,cancel,2023-12-13 16:11:07.000,2023-12-17 09:10:36.000,3,3,1,0,2,2023-12-12 19:14:55,2023,12
6,24,INC47935039,"140,946,784",105,"5,848,267,268","5,848,267,268","80,859,673","-99,999",3,3,0,0,0,0,0,15,proceed,cancel,2023-12-12 14:23:15.000,2023-12-23 07:39:43.000,3,3,1,0,2,2023-12-12 12:32:18,2023,12
6,24,INC47946986,"140,946,784",105,"5,848,267,268","5,848,267,268","76,615,600","-99,999",3,3,0,0,0,0,0,7,proceed,cancel,2023-12-13 18:23:13.000,2023-12-21 07:41:12.000,3,3,1,0,2,2023-12-13 15:05:26,2023,12
6,24,INC47943571,"140,946,784",105,"5,848,267,268","6,345,982,539","61,667,736","-99,999",3,3,0,0,0,0,0,16,proceed,cancel,2023-12-16 07:26:51.000,2023-12-16 07:27:04.000,3,3,1,0,2,2023-12-13 01:27:17,2023,12
6,31,INC47941115,"166,126,616",16,"2,438,429,805","6,197,463,044","52,728,393","575,972,787",6,3,0,0,1,1,0,8,proceed,cancel,2023-12-13 01:54:26.000,2023-12-20 08:26:39.000,3,3,1,0,2,2023-12-12 19:59:32,2023,12
6,31,INC47945071,"266,226,194",16,"6,200,018,870","6,200,018,870","103,974,889","569,296,391",6,3,0,1,0,1,0,6,proceed,cancel,2023-12-13 10:40:15.000,2023-12-17 09:10:39.000,3,3,1,0,2,2023-12-13 10:20:58,2023,12
6,31,INC47941649,"166,126,616",28,"6,159,723,894","5,749,534,622","52,728,391","571,423,726",10,3,0,0,2,1,0,15,proceed,cancel,2024-01-18 17:24:34.000,2024-01-26 07:50:18.000,3,3,1,0,2,2023-12-12 20:38:05,2023,12
6,31,INC47951184,"166,126,616",16,"3,503,348,459","3,503,348,459","52,729,432","571,456,467",6,3,0,1,0,0,0,3,proceed,cancel,2023-12-13 20:22:53.000,2023-12-21 08:32:00.000,3,3,1,0,2,2023-12-13 20:20:36,2023,12
6,31,INC47934481,"140,946,784","371,220","5,916,170,592","5,916,170,592","76,615,600","-99,999",10,3,0,0,1,0,0,5,proceed,cancel,2023-12-12 09:55:05.000,2023-12-12 09:56:03.000,3,3,1,0,2,2023-12-12 09:04:36,2023,12
6,31,INC47939236,"166,126,616",122,"5,788,662,360","6,322,476,946","52,729,065","572,563,904",10,3,0,0,1,1,0,5,proceed,cancel,2024-01-02 17:10:57.000,2024-01-10 09:17:27.000,3,3,1,0,2,2023-12-12 17:45:20,2023,12
6,24,INC47943941,"140,946,784",105,"5,848,267,268","5,848,267,268","76,615,600","-99,999",3,3,0,0,0,0,0,7,proceed,cancel,2023-12-13 05:23:13.000,2023-12-19 03:54:37.000,3,3,1,0,2,2023-12-13 03:53:17,2023,12
6,31,INC47938754,"166,126,616",122,"5,945,227,918","6,016,140,447","52,728,392","561,183,411",10,3,0,0,1,1,0,7,proceed,cancel,2023-12-13 22:11:26.000,2023-12-21 08:31:56.000,3,3,1,0,2,2023-12-12 17:09:20,2023,12
6,24,INC47936136,"140,946,784",105,"5,848,267,268","5,848,267,268","76,615,600","-99,999",3,5,0,0,0,0,0,9,proceed,cancel,2023-12-12 17:53:13.000,2023-12-13 03:22:00.000,3,3,1,0,2,2023-12-12 14:18:21,2023,12
6,24,INC47940657,"166,126,616",121,"6,819,139,276","6,016,140,447","52,728,392","215,157,250",6,5,0,0,1,0,0,7,proceed,cancel,2023-12-13 13:20:32.000,2023-12-21 08:31:57.000,2,3,1,0,2,2023-12-12 19:24:18,2023,12
6,24,INC47937971,"140,946,784",105,"5,848,267,268","5,848,267,268","80,859,673","-99,999",3,3,0,0,0,0,0,11,proceed,cancel,2023-12-12 17:53:14.000,2023-12-23 07:39:45.000,3,3,1,0,2,2023-12-12 16:15:48,2023,12
6,31,INC47948211,"266,226,194",122,"3,790,156,078","6,313,447,475","103,974,889","569,338,861",10,3,0,1,0,1,0,14,proceed,cancel,2023-12-13 17:13:42.000,2023-12-17 09:10:46.000,3,3,1,0,2,2023-12-13 16:30:28,2023,12
6,24,INC47934678,"140,946,784",105,"5,848,267,268","5,848,267,268","80,859,673","-99,999",3,3,0,0,0,0,0,7,proceed,cancel,2023-12-12 11:53:16.000,2023-12-12 13:02:36.000,3,3,1,0,2,2023-12-12 10:34:16,2023,12
6,24,INC47950317,"166,126,616",27,"6,842,456,985","5,703,040,455","52,728,392","571,249,422",6,4,0,0,1,0,0,5,proceed,cancel,2023-12-13 19:43:10.000,2023-12-21 08:31:59.000,2,2,1,0,1,2023-12-13 19:15:40,2023,12
6,24,INC47934346,"140,946,784",105,"5,848,267,268","5,848,267,268","61,667,736","-99,999",3,5,0,0,0,0,0,10,proceed,cancel,2023-12-12 09:23:14.000,2023-12-20 07:41:47.000,3,3,1,0,2,2023-12-12 08:03:38,2023,12
6,31,INC48007414,"266,226,194",122,"3,790,156,078","6,817,329,420","103,830,082","569,370,289",4,3,0,0,1,1,0,10,proceed,cancel,2023-12-21 00:23:23.000,2023-12-21 00:23:32.000,3,3,1,0,2,2023-12-21 00:04:46,2023,12
6,31,INC47949860,"166,126,616",122,"6,059,124,548","6,059,124,548","79,181,792","215,117,249",10,3,0,0,1,1,0,3,proceed,cancel,2023-12-13 18:43:50.000,2023-12-21 08:31:59.000,3,3,1,0,2,2023-12-13 18:42:04,2023,12
6,24,INC47937405,"140,946,784",105,"5,848,267,268","5,848,267,268","76,615,600","-99,999",3,3,0,0,0,0,0,7,proceed,cancel,2023-12-12 17:23:15.000,2023-12-19 03:54:39.000,3,3,1,0,2,2023-12-12 15:35:20,2023,12
6,31,INC47945121,"140,946,784",16,"6,323,104,377","5,759,422,858","41,927,742","-99,999",10,3,0,0,2,0,0,12,proceed,cancel,2023-12-13 18:19:24.000,2023-12-21 07:41:08.000,3,3,1,0,2,2023-12-13 10:56:52,2023,12
6,31,INC47941417,"166,126,616",28,"5,703,039,979","6,770,881,793","52,728,392","215,090,644",10,3,0,0,1,0,0,10,proceed,cancel,2023-12-14 18:02:58.000,2023-12-22 07:52:46.000,3,3,1,0,2,2023-12-12 20:18:38,2023,12
6,31,INC47941224,"166,126,616",16,"5,936,352,761","6,059,124,548","79,181,792","576,164,409",10,3,0,0,1,1,0,7,proceed,cancel,2023-12-12 20:51:44.000,2023-12-20 08:26:39.000,3,3,1,0,2,2023-12-12 20:06:04,2023,12
6,24,INC47938753,"166,126,616",121,"4,536,264,761","4,536,264,761","52,729,432","215,070,509",6,3,0,1,0,0,0,3,proceed,cancel,2023-12-12 17:18:37.000,2023-12-20 08:26:38.000,3,3,1,0,2,2023-12-12 17:09:20,2023,12
6,24,INC47934273,"140,946,784",105,"5,848,267,268","5,848,267,268","76,615,600","-99,999",3,3,0,0,0,0,0,8,proceed,cancel,2023-12-12 08:23:14.000,2023-12-19 03:33:51.000,3,3,1,0,2,2023-12-12 07:14:36,2023,12
6,31,INC47938877,"166,126,616",122,"5,936,352,761","6,016,140,447","52,728,392","561,183,411",10,3,0,0,1,1,0,6,proceed,cancel,2023-12-13 22:17:44.000,2023-12-21 08:31:57.000,3,3,1,0,2,2023-12-12 17:17:45,2023,12
6,31,INC47935066,"140,946,784",16,"6,345,982,539","5,759,422,858","41,927,742","-99,999",10,3,0,0,1,0,0,15,proceed,cancel,2023-12-12 20:12:10.000,2023-12-20 07:41:51.000,3,3,1,0,2,2023-12-12 12:35:08,2023,12
6,24,INC47934662,"140,946,784",105,"5,848,267,268","6,345,982,539","80,859,673","-99,999",3,5,0,0,0,0,0,12,proceed,cancel,2023-12-12 13:01:50.000,2023-12-12 13:02:09.000,3,3,1,0,2,2023-12-12 10:31:18,2023,12
6,31,INC47942925,"166,126,616",16,"6,842,456,985","6,842,456,985","52,729,432","572,556,054",6,3,0,1,0,0,0,3,proceed,cancel,2023-12-12 23:17:32.000,2023-12-20 08:26:40.000,3,3,1,0,2,2023-12-12 23:11:33,2023,12
6,31,INC47936714,"266,226,194",16,"6,313,447,475","6,313,447,475","103,974,889","569,455,172",6,3,0,1,0,0,0,6,proceed,cancel,2023-12-12 15:44:24.000,2023-12-16 08:02:19.000,3,3,1,0,2,2023-12-12 14:54:33,2023,12
6,24,INC47943566,"140,946,784",105,"5,848,267,268","5,848,267,268","61,667,736","-99,999",3,3,0,0,0,0,0,5,proceed,cancel,2023-12-13 02:53:14.000,2023-12-16 07:27:24.000,3,3,1,0,2,2023-12-13 01:26:16,2023,12
6,31,INC47942464,"266,226,194",122,"5,802,967,307","5,802,967,307","103,974,889","569,462,314",2,3,0,1,0,1,0,6,proceed,cancel,2023-12-12 22:05:19.000,2023-12-16 08:02:24.000,3,3,1,0,2,2023-12-12 22:02:52,2023,12
6,24,INC47938832,"266,226,194",121,"6,838,119,269","6,838,119,269","103,974,889","569,465,840",6,3,0,1,0,1,0,11,proceed,cancel,2023-12-12 17:19:13.000,2023-12-16 08:02:21.000,3,3,1,0,2,2023-12-12 17:14:28,2023,12
6,24,INC47998294,"140,946,784",105,"5,848,267,268","5,848,267,268","80,859,673","-99,999",3,3,0,0,0,0,0,9,proceed,cancel,2023-12-20 00:53:13.000,2023-12-22 10:42:36.000,3,3,1,0,2,2023-12-19 22:58:32,2023,12
6,24,INC47999087,"266,226,194",121,"6,799,802,581","6,799,802,581","103,974,889","569,280,921",6,3,0,1,0,1,0,4,proceed,cancel,2023-12-20 03:15:33.000,2023-12-23 07:50:33.000,3,3,1,0,2,2023-12-20 03:03:47,2023,12
6,24,INC47995239,"140,946,784",105,"5,848,267,268","5,848,267,268","61,667,736","-99,999",3,3,0,0,0,0,0,7,proceed,cancel,2023-12-19 21:53:15.000,2023-12-21 14:14:04.000,3,3,1,0,2,2023-12-19 18:09:20,2023,12
6,24,INC47992820,"266,226,194",121,"3,790,156,078","6,817,329,706","103,830,082","569,473,206",10,3,0,0,1,1,0,14,proceed,cancel,2023-12-19 16:48:20.000,2023-12-23 07:50:27.000,3,3,1,0,2,2023-12-19 15:17:29,2023,12
6,24,INC47997486,"140,946,784",105,"5,848,267,268","6,116,482,150","61,667,736","-99,999",3,3,0,0,0,0,0,6,proceed,cancel,2023-12-21 14:13:40.000,2023-12-21 14:14:05.000,3,3,1,0,2,2023-12-19 21:13:30,2023,12
6,24,INC48000714,"266,226,194",51,"3,790,156,078","6,247,695,725","103,974,889","569,324,130",10,3,0,1,0,1,0,15,proceed,cancel,2023-12-27 16:31:41.000,2023-12-31 07:32:12.000,3,3,1,0,2,2023-12-20 13:31:15,2023,12
6,31,INC47999118,"140,946,784",16,"6,293,179,578","6,293,179,578","76,615,600","-99,999",10,3,0,0,3,0,0,14,proceed,cancel,2023-12-27 04:12:06.000,2023-12-27 04:12:18.000,3,3,1,0,2,2023-12-20 03:25:28,2023,12
6,24,INC47993047,"266,226,194",121,"6,313,447,475","6,867,816,819","103,830,082","569,469,943",6,3,0,0,1,1,0,12,proceed,cancel,2024-01-02 16:49:37.000,2024-01-06 07:47:20.000,3,3,1,0,2,2023-12-19 15:33:41,2023,12
6,24,INC47999155,"166,126,616",121,"5,703,037,351","5,703,040,921","52,728,392","592,898,110",10,3,0,0,1,0,0,7,proceed,cancel,2024-01-02 16:16:16.000,2024-01-10 09:17:27.000,3,3,1,0,2,2023-12-20 03:34:53,2023,12
6,24,INC47999750,"140,946,784",105,"5,848,267,268","5,848,267,268","80,859,673","-99,999",3,3,0,0,0,0,0,9,proceed,cancel,2023-12-20 10:23:14.000,2023-12-28 07:37:22.000,3,3,1,0,2,2023-12-20 08:44:16,2023,12
6,31,INC47991353,"140,946,784",16,"6,345,982,539","6,345,982,539","80,859,673","-99,999",10,3,0,0,3,0,0,15,proceed,cancel,2023-12-19 14:48:10.000,2023-12-19 14:48:37.000,3,3,1,0,2,2023-12-19 13:34:13,2023,12
6,31,INC47998830,"166,126,616",122,"6,869,511,120","6,016,140,447","52,728,391","215,060,468",10,3,0,0,2,1,0,7,proceed,cancel,2023-12-27 19:01:31.000,2024-01-04 07:46:29.000,3,3,1,0,2,2023-12-20 01:14:21,2023,12
6,24,INC48001507,"266,226,194",121,"6,313,447,475","6,838,119,269","103,974,889","569,446,671",6,3,0,1,0,1,0,19,proceed,cancel,2023-12-29 17:24:13.000,2024-01-02 08:43:48.000,3,3,1,0,2,2023-12-20 14:41:34,2023,12
6,24,INC47997481,"140,946,784",105,"5,848,267,268","6,116,482,150","76,615,600","-99,999",3,3,0,0,0,0,0,5,proceed,cancel,2023-12-21 14:13:41.000,2023-12-21 14:14:05.000,3,3,1,0,2,2023-12-19 21:12:59,2023,12
6,24,INC48005461,"266,226,194",121,"6,838,119,269","6,838,119,269","103,974,889","569,246,095",4,3,0,1,0,1,0,16,proceed,cancel,2023-12-26 16:52:02.000,2023-12-30 07:38:25.000,3,3,1,0,2,2023-12-20 19:57:21,2023,12
6,24,INC47997370,"166,126,616",121,"5,759,423,830","5,703,041,143","87,971,197","214,635,102",6,5,0,0,1,1,0,7,proceed,cancel,2024-01-05 16:22:00.000,2024-01-13 08:00:00.000,2,3,1,0,2,2023-12-19 21:02:02,2023,12
6,24,INC47998536,"140,946,784",105,"5,848,267,268","5,848,267,268","61,667,736","-99,999",3,5,0,0,0,0,0,12,proceed,cancel,2023-12-20 03:23:13.000,2024-01-03 07:23:55.000,3,3,1,0,2,2023-12-19 23:56:48,2023,12
6,24,INC48007001,"266,226,194",51,"5,802,967,307","6,867,816,819","103,830,082","569,324,130",6,3,0,0,1,1,0,16,proceed,cancel,2024-01-05 20:05:54.000,2024-01-09 09:24:04.000,3,3,1,0,2,2023-12-20 22:45:12,2023,12
6,24,INC47999391,"166,126,616",121,"3,447,171,394","5,802,727,114","52,728,393","575,972,787",6,3,0,0,1,1,0,7,proceed,cancel,2023-12-21 02:00:23.000,2023-12-28 08:07:03.000,3,3,1,0,2,2023-12-20 05:49:27,2023,12
6,24,INC48004205,"266,226,194",121,"6,264,845,105","6,264,845,105","103,974,889","569,465,840",6,3,0,1,0,1,0,12,proceed,cancel,2023-12-20 18:17:26.000,2023-12-24 08:53:23.000,3,3,1,0,2,2023-12-20 18:12:09,2023,12
6,24,INC47992135,"266,226,194",121,"6,817,331,159","6,817,328,029","103,830,082","569,280,795",6,3,0,1,1,1,0,14,proceed,cancel,2023-12-19 16:28:48.000,2023-12-23 07:50:23.000,3,3,1,0,2,2023-12-19 14:27:28,2023,12
6,24,INC48002061,"266,226,194",121,"6,313,447,475","6,264,845,105","103,974,889","569,295,949",6,3,0,1,0,0,0,9,proceed,cancel,2023-12-20 15:51:31.000,2023-12-24 08:53:23.000,3,3,1,0,2,2023-12-20 15:22:34,2023,12
6,24,INC47999744,"140,946,784",105,"5,848,267,268","5,848,267,268","80,859,673","-99,999",3,3,0,0,0,0,0,9,proceed,cancel,2023-12-20 10:23:13.000,2023-12-28 07:37:16.000,3,3,1,0,2,2023-12-20 08:44:07,2023,12
6,24,INC47997914,"266,226,194",27,"6,799,802,581","6,817,331,932","103,830,084","569,296,391",6,3,0,1,1,1,0,9,proceed,cancel,2023-12-19 22:08:20.000,2023-12-23 07:50:32.000,3,3,1,0,2,2023-12-19 22:00:00,2023,12
6,24,INC47999755,"140,946,784",105,"5,848,267,268","5,848,267,268","80,859,673","-99,999",3,3,0,0,0,0,0,9,proceed,cancel,2023-12-20 10:23:14.000,2023-12-28 07:37:28.000,3,3,1,0,2,2023-12-20 08:44:25,2023,12
6,24,INC47999752,"140,946,784",105,"5,848,267,268","5,848,267,268","80,859,673","-99,999",3,3,0,0,0,0,0,9,proceed,cancel,2023-12-20 10:23:14.000,2023-12-28 07:37:25.000,3,3,1,0,2,2023-12-20 08:44:20,2023,12
6,24,INC47991317,"266,226,194",121,"6,264,845,105","6,264,845,105","103,974,889","569,465,840",6,3,0,1,0,1,0,17,proceed,cancel,2023-12-19 14:23:34.000,2023-12-23 07:50:21.000,3,3,1,0,2,2023-12-19 13:29:23,2023,12
6,24,INC47998833,"140,946,784",105,"5,848,267,268","5,848,267,268","80,859,673","-99,999",3,3,0,0,0,0,0,14,proceed,cancel,2023-12-20 22:23:14.000,2023-12-28 07:37:11.000,3,3,1,0,2,2023-12-20 01:14:38,2023,12
6,24,INC48002162,"140,946,784",105,"5,848,267,268","5,848,267,268","80,859,673","-99,999",3,3,0,0,0,0,0,7,proceed,cancel,2023-12-20 16:53:14.000,2023-12-26 16:17:43.000,3,3,1,0,2,2023-12-20 15:28:37,2023,12
6,24,INC47999722,"140,946,784",105,"5,848,267,268","5,848,267,268","80,859,673","-99,999",3,3,0,0,0,0,0,79,proceed,cancel,2023-12-21 00:53:13.000,2023-12-26 16:17:56.000,3,3,1,0,2,2023-12-20 08:29:10,2023,12
6,24,INC47998814,"140,946,784",105,"5,848,267,268","5,848,267,268","61,667,736","-99,999",3,3,0,0,0,0,0,16,proceed,cancel,2023-12-20 17:53:14.000,2023-12-28 07:37:10.000,3,3,1,0,2,2023-12-20 01:12:08,2023,12
6,24,INC48000226,"140,946,784",105,"5,848,267,268","5,848,267,268","61,667,736","-99,999",3,3,0,0,0,0,0,9,proceed,cancel,2023-12-20 13:23:14.000,2023-12-22 10:39:46.000,3,3,1,0,2,2023-12-20 12:16:54,2023,12
6,24,INC48000519,"266,226,194",121,"6,264,845,105","6,264,845,105","103,974,889","569,373,343",6,3,0,1,0,1,0,14,proceed,cancel,2023-12-20 13:28:47.000,2023-12-24 08:53:19.000,3,3,1,0,2,2023-12-20 13:13:01,2023,12
6,24,INC47998293,"140,946,784",105,"5,848,267,268","5,848,267,268","80,859,673","-99,999",3,3,0,0,0,0,0,9,proceed,cancel,2023-12-20 00:53:13.000,2023-12-22 10:42:34.000,3,3,1,0,2,2023-12-19 22:58:30,2023,12
6,24,INC47992251,"266,226,194",51,"6,264,845,105","6,817,328,029","103,830,082","569,469,943",6,3,0,1,1,1,0,20,proceed,cancel,2023-12-26 15:41:07.000,2023-12-30 07:38:24.000,3,3,1,0,2,2023-12-19 14:36:30,2023,12
6,24,INC48000185,"140,946,784",105,"5,848,267,268","5,848,267,268","61,667,736","-99,999",3,3,0,0,0,0,0,7,proceed,cancel,2023-12-20 13:23:13.000,2023-12-22 10:39:53.000,3,3,1,0,2,2023-12-20 12:09:33,2023,12
6,24,INC47999479,"140,946,784",105,"5,848,267,268","5,848,267,268","80,859,673","-99,999",3,5,0,0,0,0,0,9,proceed,cancel,2023-12-20 23:53:14.000,2023-12-22 12:50:49.000,3,3,1,0,2,2023-12-20 06:31:50,2023,12
6,31,INC47999628,"140,946,784",16,"5,916,170,592","5,880,006,197","41,927,742","-99,999",10,3,0,1,2,0,0,22,proceed,cancel,2024-01-02 18:14:19.000,2024-01-10 07:54:33.000,3,3,1,0,2,2023-12-20 07:41:40,2023,12
6,24,INC47999544,"140,946,784",105,"5,848,267,268","5,848,267,268","76,615,600","-99,999",3,3,0,0,0,0,0,7,proceed,cancel,2023-12-20 08:53:14.000,2023-12-26 16:17:57.000,3,3,1,0,2,2023-12-20 07:06:51,2023,12
6,31,INC47998396,"140,946,784",16,"6,230,797,880","6,293,179,578","61,667,736","-99,999",10,3,0,0,2,0,0,19,proceed,cancel,2024-01-08 16:08:59.000,2024-01-08 16:09:30.000,3,3,1,0,2,2023-12-19 23:22:35,2023,12
6,24,INC47996560,"266,226,194",121,"6,313,447,475","6,313,447,475","103,974,889","569,280,921",6,3,0,1,0,1,0,8,proceed,cancel,2023-12-19 19:58:20.000,2023-12-23 07:50:31.000,3,3,1,0,2,2023-12-19 19:53:11,2023,12
6,24,INC47999490,"140,946,784",105,"5,848,267,268","5,848,267,268","80,859,673","-99,999",3,3,0,0,0,0,0,9,proceed,cancel,2023-12-20 23:53:14.000,2023-12-22 12:50:48.000,3,3,1,0,2,2023-12-20 06:36:50,2023,12
6,24,INC47994986,"140,946,784",105,"5,848,267,268","5,848,267,268","76,615,600","-99,999",3,5,0,0,0,0,0,9,proceed,cancel,2023-12-19 18:53:14.000,2024-01-03 07:23:53.000,3,3,1,0,2,2023-12-19 17:51:49,2023,12
6,31,INC47990560,"266,226,194",16,"3,790,156,078","6,264,845,105","103,974,889","569,249,758",10,3,0,1,0,1,0,12,proceed,cancel,2023-12-19 14:42:09.000,2023-12-23 07:50:19.000,3,3,1,0,2,2023-12-19 11:07:20,2023,12
6,24,INC48006699,"140,946,784",105,"5,848,267,268","5,848,267,268","80,859,673","-99,999",3,3,0,0,0,0,0,53,proceed,cancel,2023-12-21 08:53:13.000,2023-12-26 16:18:15.000,3,3,1,0,2,2023-12-20 22:00:48,2023,12
6,24,INC48007686,"140,946,784",105,"5,848,267,268","5,916,170,592","76,615,600","-99,999",3,5,0,0,0,0,0,8,proceed,cancel,2023-12-21 03:22:58.000,2023-12-21 03:23:28.000,3,3,1,0,2,2023-12-21 01:12:08,2023,12
6,31,INC48004796,"166,126,616",52,"5,767,483,288","6,770,881,793","52,728,392","572,501,976",10,3,0,0,2,0,0,9,proceed,cancel,2023-12-22 07:18:38.000,2023-12-30 07:31:10.000,3,3,1,0,2,2023-12-20 19:02:26,2023,12
6,24,INC47990909,"266,226,194",121,"6,264,845,105","6,264,845,105","103,974,889","569,295,949",6,3,0,1,0,0,0,13,proceed,cancel,2023-12-19 12:54:38.000,2023-12-23 07:50:20.000,3,3,1,0,2,2023-12-19 12:39:46,2023,12
6,24,INC48006668,"166,126,616",121,"3,503,348,459","3,503,348,459","52,729,432","571,356,775",6,3,0,1,0,1,0,3,proceed,cancel,2023-12-20 22:03:01.000,2023-12-28 08:07:07.000,3,3,1,0,2,2023-12-20 21:56:38,2023,12
6,31,INC48004288,"266,226,194",122,"3,790,156,078","6,264,845,105","103,974,889","569,276,714",4,3,0,1,0,1,0,7,proceed,cancel,2023-12-20 19:31:22.000,2023-12-24 08:53:24.000,3,3,1,0,2,2023-12-20 18:18:47,2023,12
6,24,INC47998693,"140,946,784",105,"5,848,267,268","5,848,267,268","76,615,600","-99,999",3,5,0,0,0,0,0,8,proceed,cancel,2023-12-20 21:23:14.000,2023-12-28 07:37:09.000,3,3,1,0,2,2023-12-20 00:35:58,2023,12
6,24,INC47998292,"140,946,784",105,"5,848,267,268","5,848,267,268","80,859,673","-99,999",3,3,0,0,0,0,0,9,proceed,cancel,2023-12-20 00:53:13.000,2023-12-22 10:42:36.000,3,3,1,0,2,2023-12-19 22:58:28,2023,12
6,24,INC47997778,"140,946,784",105,"5,848,267,268","5,848,267,268","80,859,673","-99,999",3,3,0,0,0,0,0,75,proceed,cancel,2023-12-20 12:23:13.000,2023-12-26 16:18:28.000,3,3,1,0,2,2023-12-19 21:44:14,2023,12
6,31,INC47994310,"266,226,194",122,"6,313,447,475","6,313,447,475","103,974,889","569,454,137",6,3,0,1,0,1,0,10,proceed,cancel,2023-12-20 15:15:00.000,2023-12-24 08:53:13.000,3,3,1,0,2,2023-12-19 16:58:37,2023,12
6,31,INC47992341,"166,126,616",122,"5,882,166,169","6,770,881,793","52,728,392","571,371,245",10,3,0,0,1,1,0,6,proceed,cancel,2023-12-19 18:25:18.000,2023-12-27 08:24:40.000,3,3,1,0,2,2023-12-19 14:42:41,2023,12
6,31,INC47993189,"166,126,616",16,"6,302,592,673","6,302,592,673","52,729,432","571,333,591",6,3,0,1,0,0,0,4,proceed,cancel,2023-12-19 16:32:28.000,2023-12-27 08:24:41.000,3,3,1,0,2,2023-12-19 15:41:59,2023,12
6,24,INC47991856,"266,226,194",121,"6,247,695,725","6,264,845,105","103,974,889","569,381,234",2,3,0,1,4,1,0,28,proceed,cancel,2023-12-20 12:10:51.000,2023-12-24 08:53:12.000,3,3,1,0,2,2023-12-19 14:08:52,2023,12
6,31,INC47993735,"266,226,194",16,"6,817,332,853","6,817,332,853","103,974,889","569,357,493",4,3,0,0,0,1,0,8,proceed,cancel,2023-12-19 17:05:12.000,2023-12-19 17:05:12.000,3,3,1,0,2,2023-12-19 16:18:06,2023,12
6,31,INC47999505,"140,946,784",122,"5,916,170,592","5,880,006,197","41,927,742","-99,999",10,3,0,1,2,0,0,29,proceed,cancel,2023-12-22 22:44:18.000,2023-12-30 07:29:10.000,3,3,1,0,2,2023-12-20 06:52:15,2023,12
6,31,INC47992577,"166,126,616",122,"2,438,429,805","6,016,140,447","52,728,392","561,183,411",2,3,0,0,1,1,0,6,proceed,cancel,2023-12-19 16:33:21.000,2023-12-27 08:24:40.000,3,3,1,0,2,2023-12-19 14:59:05,2023,12
6,31,INC48001903,"166,126,616",122,"6,016,141,157","6,770,881,793","52,728,392","572,641,182",10,3,0,0,1,0,0,6,proceed,cancel,2023-12-20 17:37:39.000,2023-12-28 08:07:04.000,3,3,1,0,2,2023-12-20 15:10:22,2023,12
6,24,INC47999740,"140,946,784",105,"5,848,267,268","5,916,170,592","80,859,673","-99,999",3,3,0,0,0,0,0,31,proceed,cancel,2024-01-15 12:12:37.000,2024-01-15 12:13:16.000,3,3,1,0,2,2023-12-20 08:44:00,2023,12
6,24,INC48000291,"266,226,194",121,"6,264,845,105","6,264,845,105","103,974,889","569,295,949",6,3,0,1,0,0,0,5,proceed,cancel,2023-12-20 12:38:34.000,2023-12-24 08:53:18.000,3,3,1,0,2,2023-12-20 12:30:08,2023,12
6,31,INC48002975,"166,126,616",122,"6,869,511,120","6,869,511,120","52,728,391","571,423,726",10,3,0,0,2,1,0,8,proceed,cancel,2024-01-02 15:34:25.000,2024-01-02 15:34:25.000,3,3,1,0,2,2023-12-20 16:25:54,2023,12
6,24,INC48006734,"140,946,784",105,"5,848,267,268","5,848,267,268","80,859,673","-99,999",3,3,0,0,0,0,0,34,proceed,cancel,2023-12-21 08:53:13.000,2023-12-26 16:18:03.000,3,3,1,0,2,2023-12-20 22:04:46,2023,12
6,24,INC48000186,"266,226,194",121,"6,200,018,870","6,200,018,870","103,974,889","569,276,714",6,3,0,1,0,1,0,5,proceed,cancel,2023-12-20 12:16:34.000,2023-12-24 08:53:17.000,3,3,1,0,2,2023-12-20 12:10:06,2023,12
6,31,INC48003700,"166,126,616",122,"6,016,141,157","6,770,881,793","52,728,392","572,579,338",10,3,0,0,1,1,0,7,proceed,cancel,2023-12-22 06:53:55.000,2023-12-30 07:31:09.000,3,3,1,0,2,2023-12-20 17:24:53,2023,12
6,31,INC48008030,"140,946,784",16,"5,916,170,592","6,293,179,578","76,615,600","-99,999",10,3,0,0,3,0,0,11,proceed,cancel,2023-12-21 07:51:35.000,2023-12-21 08:16:28.000,3,3,1,0,2,2023-12-21 03:55:47,2023,12
6,24,INC47999751,"140,946,784",105,"5,848,267,268","5,848,267,268","80,859,673","-99,999",3,3,0,0,0,0,0,9,proceed,cancel,2023-12-20 10:23:14.000,2023-12-28 07:37:24.000,3,3,1,0,2,2023-12-20 08:44:18,2023,12
6,31,INC48005435,"166,126,616",122,"2,438,429,805","5,802,727,114","52,728,393","215,070,509",6,3,0,0,1,0,0,6,proceed,cancel,2023-12-20 23:40:44.000,2023-12-28 08:07:06.000,3,3,1,0,2,2023-12-20 19:54:32,2023,12
6,31,INC48000662,"266,226,194",16,"6,313,447,475","6,313,447,475","103,974,889","569,477,214",6,3,0,1,0,1,0,5,proceed,cancel,2023-12-20 13:39:33.000,2023-12-24 08:53:19.000,3,3,1,0,2,2023-12-20 13:26:01,2023,12
6,31,INC48003045,"266,226,194",122,"6,867,816,819","6,867,816,819","103,830,082","569,354,765",7,3,0,1,1,0,0,8,proceed,cancel,2023-12-21 15:34:35.000,2023-12-25 08:47:03.000,3,3,1,0,2,2023-12-20 16:31:07,2023,12
6,24,INC48007905,"166,126,616",121,"6,193,088,209","6,197,463,044","52,728,393","215,117,249",10,3,0,0,1,1,0,7,proceed,cancel,2023-12-27 17:41:16.000,2024-01-04 07:46:29.000,3,3,1,0,2,2023-12-21 02:30:20,2023,12
6,24,INC48030572,"140,946,784",105,"5,848,267,268","5,848,267,268","61,667,736","-99,999",3,3,0,0,0,0,0,9,proceed,cancel,2023-12-26 10:53:14.000,2024-01-03 07:24:30.000,3,3,1,0,2,2023-12-26 09:30:55,2023,12
6,24,INC47999657,"140,946,784",105,"5,848,267,268","6,293,179,578","76,615,600","-99,999",3,5,0,0,0,0,0,15,proceed,cancel,2023-12-22 09:00:51.000,2023-12-22 09:01:28.000,3,3,1,0,2,2023-12-20 08:02:50,2023,12
6,24,INC48001241,"266,226,194",121,"3,790,156,078","6,867,816,743","103,830,082","569,285,183",10,3,0,1,1,1,0,42,proceed,cancel,2024-01-12 14:15:57.000,2024-01-16 09:17:18.000,3,3,1,0,2,2023-12-20 14:22:01,2023,12
6,31,INC48008280,"140,946,784",16,"6,293,179,578","5,916,170,592","76,615,600","-99,999",10,3,0,0,3,0,0,17,proceed,cancel,2023-12-26 08:39:06.000,2023-12-26 08:39:27.000,3,3,1,0,2,2023-12-21 06:19:18,2023,12
6,24,INC47999759,"140,946,784",105,"5,848,267,268","5,848,267,268","80,859,673","-99,999",3,3,0,0,0,0,0,9,proceed,cancel,2023-12-20 10:23:14.000,2023-12-28 07:37:31.000,3,3,1,0,2,2023-12-20 08:44:30,2023,12
6,31,INC48005860,"166,126,616",122,"5,936,352,761","6,770,881,793","52,728,392","561,183,411",10,3,0,0,1,1,0,5,proceed,cancel,2023-12-20 20:52:07.000,2023-12-28 08:07:06.000,3,3,1,0,2,2023-12-20 20:36:03,2023,12
6,24,INC47999743,"140,946,784",105,"5,848,267,268","5,848,267,268","80,859,673","-99,999",3,3,0,0,0,0,0,9,proceed,cancel,2023-12-20 10:23:13.000,2023-12-28 07:37:15.000,3,3,1,0,2,2023-12-20 08:44:05,2023,12
6,31,INC47999647,"140,946,784",16,"5,916,170,592","6,293,179,578","76,615,600","-99,999",10,3,0,0,1,0,0,7,proceed,cancel,2023-12-21 05:41:11.000,2023-12-21 05:43:51.000,3,3,1,0,2,2023-12-20 07:55:33,2023,12
6,24,INC48001017,"266,226,194",121,"6,264,845,105","6,264,845,105","103,974,889","569,280,921",6,3,0,1,0,1,0,8,proceed,cancel,2023-12-20 14:06:33.000,2023-12-24 08:53:21.000,3,3,1,0,2,2023-12-20 14:03:51,2023,12
6,24,INC48004991,"166,126,616",121,"5,703,038,295","5,703,040,840","52,728,394","214,602,769",10,3,0,0,1,1,0,11,proceed,cancel,2024-03-13 16:07:41.000,2024-03-21 07:04:43.000,3,3,1,0,2,2023-12-20 19:18:06,2023,12
6,31,INC48003914,"166,126,616",122,"6,871,108,201","4,536,264,761","52,729,432","215,167,115",10,3,0,0,0,1,0,6,proceed,cancel,2023-12-22 18:16:20.000,2023-12-30 07:31:09.000,3,3,1,0,2,2023-12-20 17:45:32,2023,12
6,31,INC48008073,"266,226,194",16,"6,200,018,870","6,200,018,870","103,974,889","569,296,391",6,3,0,1,0,1,0,6,proceed,cancel,2023-12-21 05:06:31.000,2023-12-24 08:53:27.000,3,3,1,0,2,2023-12-21 04:14:26,2023,12
6,24,INC48002160,"140,946,784",105,"5,848,267,268","5,848,267,268","80,859,673","-99,999",3,3,0,0,0,0,0,23,proceed,cancel,2023-12-20 17:23:14.000,2023-12-26 16:18:30.000,3,3,1,0,2,2023-12-20 15:28:35,2023,12
6,24,INC48006065,"166,126,616",121,"3,503,348,459","3,503,348,459","52,729,432","214,602,738",6,3,0,1,2,1,0,5,proceed,cancel,2023-12-20 21:27:10.000,2023-12-28 08:07:07.000,3,3,1,0,2,2023-12-20 20:54:49,2023,12
6,24,INC47999754,"140,946,784",105,"5,848,267,268","5,848,267,268","80,859,673","-99,999",3,3,0,0,0,0,0,9,proceed,cancel,2023-12-20 10:23:14.000,2023-12-28 07:37:27.000,3,3,1,0,2,2023-12-20 08:44:23,2023,12
6,31,INC48005760,"166,126,616",122,"6,842,456,985","6,016,140,447","52,728,391","571,419,514",6,3,0,0,1,1,0,14,proceed,cancel,2024-01-11 20:51:37.000,2024-01-19 07:44:26.000,3,3,1,1,2,2023-12-20 20:26:08,2023,12
6,31,INC48004089,"166,126,616",122,"6,869,511,120","6,016,140,447","52,728,392","571,419,514",10,3,0,0,1,1,0,6,proceed,cancel,2023-12-21 21:23:13.000,2023-12-29 07:25:35.000,3,3,1,0,2,2023-12-20 18:01:21,2023,12
6,24,INC48001936,"140,946,784",105,"5,848,267,268","5,848,267,268","76,615,600","-99,999",3,3,0,0,0,0,0,11,proceed,cancel,2023-12-20 18:23:13.000,2023-12-28 07:37:34.000,3,3,1,0,2,2023-12-20 15:12:35,2023,12
6,24,INC48005014,"166,126,616",121,"6,875,933,727","6,842,456,985","52,729,432","572,633,435",10,3,0,0,0,0,0,16,proceed,cancel,2023-12-28 23:50:01.000,2024-01-05 07:21:53.000,3,3,1,0,2,2023-12-20 19:20:03,2023,12
6,31,INC48002978,"166,126,616",122,"6,322,477,097","5,802,727,114","52,728,393","215,107,213",10,3,0,0,1,0,0,6,proceed,cancel,2023-12-21 01:20:49.000,2023-12-28 08:07:04.000,3,3,1,0,2,2023-12-20 16:26:00,2023,12
6,24,INC47999757,"140,946,784",105,"5,848,267,268","5,848,267,268","80,859,673","-99,999",3,3,0,0,0,0,0,9,proceed,cancel,2023-12-20 10:23:14.000,2023-12-28 07:37:29.000,3,3,1,0,2,2023-12-20 08:44:27,2023,12
6,24,INC48007683,"140,946,784",105,"5,848,267,268","5,848,267,268","61,667,736","-99,999",3,3,0,0,0,0,0,11,proceed,cancel,2023-12-21 17:53:13.000,2023-12-29 07:21:22.000,3,3,1,0,2,2023-12-21 01:09:44,2023,12
6,24,INC47999758,"140,946,784",105,"5,848,267,268","5,848,267,268","80,859,673","-99,999",3,3,0,0,0,0,0,9,proceed,cancel,2023-12-20 10:23:14.000,2023-12-28 07:37:30.000,3,3,1,0,2,2023-12-20 08:44:29,2023,12
6,24,INC48002377,"266,226,194",121,"6,264,845,105","6,867,816,743","103,830,082","569,285,183",6,3,0,1,1,1,0,24,proceed,cancel,2024-01-05 16:47:25.000,2024-01-09 09:24:04.000,3,3,1,0,2,2023-12-20 15:42:43,2023,12
6,24,INC48034643,"266,226,194",121,"6,799,802,581","6,867,816,819","103,830,082","569,280,921",6,3,0,0,1,1,0,11,proceed,cancel,2024-01-03 20:35:08.000,2024-01-07 07:41:37.000,3,3,1,0,2,2023-12-27 01:37:05,2023,12
6,24,INC48006344,"140,946,784",105,"5,848,267,268","5,848,267,268","76,615,600","-99,999",3,5,0,0,0,0,0,13,proceed,cancel,2023-12-21 22:23:14.000,2023-12-29 07:21:19.000,3,3,1,0,2,2023-12-20 21:20:29,2023,12
6,31,INC48003126,"166,126,616",122,"2,438,429,805","5,802,727,114","52,728,393","216,494,935",6,5,0,0,1,1,0,4,proceed,cancel,2023-12-20 22:45:31.000,2023-12-28 08:07:05.000,3,3,1,0,2,2023-12-20 16:37:02,2023,12
6,24,INC48005001,"266,226,194",121,"6,838,119,269","6,838,119,269","103,974,889","569,339,437",4,3,0,1,0,1,0,17,proceed,cancel,2023-12-20 19:31:32.000,2023-12-24 08:53:25.000,3,3,1,0,2,2023-12-20 19:18:40,2023,12
6,31,INC48007656,"166,126,616",122,"5,707,696,594","5,703,040,921","52,728,392","571,371,245",10,3,0,0,1,1,0,6,proceed,cancel,2023-12-21 16:29:14.000,2023-12-29 07:25:36.000,3,3,1,0,2,2023-12-21 00:58:48,2023,12
6,24,INC48000228,"140,946,784",105,"5,848,267,268","5,848,267,268","61,667,736","-99,999",3,3,0,0,0,0,0,9,proceed,cancel,2023-12-20 13:23:14.000,2023-12-22 10:39:47.000,3,3,1,0,2,2023-12-20 12:16:57,2023,12
6,24,INC48006342,"140,946,784",105,"5,848,267,268","5,848,267,268","76,615,600","-99,999",3,5,0,0,0,0,0,17,proceed,cancel,2023-12-21 22:23:14.000,2023-12-29 07:21:18.000,3,3,1,0,2,2023-12-20 21:20:27,2023,12
6,24,INC48002389,"166,126,616",27,"5,703,037,584","6,770,881,793","52,728,392","216,398,265",10,3,0,0,1,1,0,17,proceed,cancel,2023-12-26 18:01:11.000,2024-01-03 07:56:02.000,3,3,1,0,2,2023-12-20 15:43:41,2023,12
6,31,INC48000254,"166,126,616",122,"5,936,352,761","5,749,534,622","104,119,807","576,164,409",10,3,0,0,2,1,0,9,proceed,cancel,2024-01-18 20:09:07.000,2024-01-26 07:50:19.000,3,3,1,0,2,2023-12-20 12:21:26,2023,12
6,24,INC47998647,"266,226,194",121,"6,799,802,581","6,867,816,743","103,830,082","569,462,314",6,3,0,1,3,1,0,19,proceed,cancel,2023-12-20 21:26:00.000,2023-12-24 08:53:16.000,3,3,1,0,2,2023-12-20 00:23:15,2023,12
6,24,INC47992979,"266,226,194",121,"3,790,156,078","6,867,816,743","103,830,082","569,299,974",10,3,0,1,1,1,0,15,proceed,cancel,2023-12-19 20:11:45.000,2023-12-23 07:50:28.000,3,3,1,0,2,2023-12-19 15:29:16,2023,12
6,24,INC47992546,"140,946,784",105,"5,848,267,268","5,848,267,268","76,615,600","-99,999",3,3,0,0,0,0,0,29,proceed,cancel,2024-01-10 11:42:43.000,2024-01-18 08:14:09.000,3,3,1,0,2,2023-12-19 14:56:38,2023,12
6,31,INC47999502,"140,946,784",16,"5,916,170,592","6,293,179,578","76,615,600","-99,999",10,3,0,0,1,0,0,10,proceed,cancel,2023-12-26 04:36:41.000,2023-12-26 04:36:58.000,3,3,1,0,2,2023-12-20 06:46:04,2023,12
6,24,INC47992712,"140,946,784",105,"5,848,267,268","5,848,267,268","76,615,600","-99,999",3,3,0,0,0,0,0,7,proceed,cancel,2023-12-19 18:23:13.000,2023-12-27 07:44:40.000,3,3,1,0,2,2023-12-19 15:08:22,2023,12
6,31,INC47998547,"166,126,616",122,"5,703,037,416","5,703,040,455","52,728,392","214,602,738",10,3,0,0,2,1,0,11,proceed,cancel,2024-01-08 18:31:10.000,2024-01-16 09:06:49.000,3,3,1,0,2,2023-12-20 00:00:27,2023,12
6,24,INC47990364,"140,946,784",105,"5,848,267,268","5,848,267,268","76,615,600","-99,999",3,3,0,0,0,0,0,7,proceed,cancel,2023-12-19 10:53:13.000,2023-12-26 16:24:10.000,3,3,1,0,2,2023-12-19 09:20:08,2023,12
6,24,INC47999753,"140,946,784",105,"5,848,267,268","5,848,267,268","80,859,673","-99,999",3,3,0,0,0,0,0,9,proceed,cancel,2023-12-20 10:23:14.000,2023-12-28 07:37:26.000,3,3,1,0,2,2023-12-20 08:44:21,2023,12
6,31,INC47995731,"266,226,194",52,"6,817,329,420","6,817,329,420","103,830,082","569,370,315",7,3,0,1,1,1,0,9,proceed,cancel,2023-12-19 18:53:25.000,2023-12-19 18:53:35.000,3,3,1,0,2,2023-12-19 18:49:18,2023,12
6,24,INC47995187,"140,946,784",105,"5,848,267,268","6,116,482,150","61,667,736","-99,999",3,5,0,0,0,0,0,18,proceed,cancel,2023-12-21 14:13:39.000,2023-12-21 14:13:53.000,3,3,1,0,2,2023-12-19 18:05:09,2023,12
6,31,INC47999723,"140,946,784",16,"5,916,170,592","6,293,179,578","76,615,600","-99,999",10,3,0,0,3,0,0,13,proceed,cancel,2023-12-21 03:53:50.000,2023-12-21 04:38:53.000,3,3,1,0,2,2023-12-20 08:29:22,2023,12
6,24,INC48005399,"266,226,194",121,"6,838,119,269","6,817,328,779","103,830,080","569,246,095",4,3,0,0,2,1,0,29,proceed,cancel,2024-04-16 20:00:57.000,2024-04-16 20:01:09.000,3,3,1,0,2,2023-12-20 19:51:05,2023,12
6,24,INC47999487,"140,946,784",105,"5,848,267,268","5,848,267,268","80,859,673","-99,999",3,3,0,0,0,0,0,9,proceed,cancel,2023-12-20 23:53:14.000,2023-12-22 12:50:45.000,3,3,1,0,2,2023-12-20 06:35:40,2023,12
6,24,INC47989994,"140,946,784",105,"5,848,267,268","5,848,267,268","80,859,673","-99,999",3,3,0,0,0,0,0,9,proceed,cancel,2023-12-19 20:23:13.000,2023-12-22 12:50:58.000,3,3,1,0,2,2023-12-19 06:51:40,2023,12
6,31,INC47994518,"266,226,194",122,"3,790,156,078","6,817,329,706","103,830,082","569,395,677",10,3,0,0,1,1,0,30,proceed,cancel,2023-12-27 15:25:35.000,2023-12-31 07:32:12.000,3,3,1,0,2,2023-12-19 17:12:13,2023,12
6,24,INC47991885,"166,126,616",121,"541,413","541,413","52,729,432","571,456,192",6,3,0,1,0,1,0,6,proceed,cancel,2023-12-19 14:24:57.000,2023-12-27 08:24:39.000,3,3,1,0,2,2023-12-19 14:11:06,2023,12
6,31,INC47998238,"140,946,784",52,"6,230,797,880","6,230,797,880","61,667,736","-99,999",10,3,0,0,0,0,0,33,proceed,cancel,2024-01-09 17:20:43.000,2024-01-09 17:21:40.000,3,3,1,0,2,2023-12-19 22:47:20,2023,12
6,24,INC47997245,"166,126,616",27,"6,819,139,276","5,749,534,622","52,728,392","572,494,758",6,4,0,0,1,1,0,8,proceed,cancel,2023-12-28 16:16:28.000,2024-01-05 07:21:53.000,2,2,1,0,1,2023-12-19 20:51:16,2023,12
6,24,INC47999492,"140,946,784",105,"5,848,267,268","5,848,267,268","80,859,673","-99,999",3,3,0,0,0,0,0,9,proceed,cancel,2023-12-20 23:53:14.000,2023-12-22 12:50:50.000,3,3,1,0,2,2023-12-20 06:38:00,2023,12
6,31,INC47994697,"266,226,194",122,"6,867,816,819","6,867,816,819","103,830,082","569,354,765",7,3,0,1,1,0,0,8,proceed,cancel,2023-12-19 20:50:17.000,2023-12-23 07:50:29.000,3,3,1,0,2,2023-12-19 17:27:12,2023,12
6,24,INC48001838,"140,946,784",105,"5,848,267,268","5,848,267,268","76,615,600","-99,999",3,3,0,0,0,0,0,25,proceed,cancel,2023-12-20 18:23:13.000,2023-12-28 07:37:32.000,3,3,1,0,2,2023-12-20 15:04:36,2023,12
6,24,INC47992676,"266,226,194",121,"3,790,156,078","6,867,816,743","103,830,082","569,316,317",10,3,0,1,1,1,0,14,proceed,cancel,2023-12-19 18:40:47.000,2023-12-23 07:50:25.000,3,3,1,0,2,2023-12-19 15:05:55,2023,12
6,24,INC47996142,"140,946,784",105,"5,848,267,268","5,848,267,268","76,615,600","-99,999",3,5,0,0,0,0,0,12,proceed,cancel,2023-12-20 01:23:13.000,2024-01-03 07:23:54.000,3,3,1,0,2,2023-12-19 19:19:49,2023,12
6,24,INC48000221,"140,946,784",105,"5,848,267,268","5,848,267,268","61,667,736","-99,999",3,3,0,0,0,0,0,9,proceed,cancel,2023-12-20 13:23:14.000,2023-12-22 10:39:50.000,3,3,1,0,2,2023-12-20 12:15:48,2023,12
6,24,INC47999190,"140,946,784",105,"5,848,267,268","5,848,267,268","80,859,673","-99,999",3,3,0,0,0,0,0,7,proceed,cancel,2023-12-20 06:23:13.000,2023-12-26 16:17:58.000,3,3,1,0,2,2023-12-20 03:52:30,2023,12
6,31,INC48040412,"266,226,194",52,"3,790,156,078","6,867,816,819","103,830,082","569,338,860",10,2,0,0,1,1,0,17,proceed,cancel,2024-01-17 19:00:45.000,2024-01-21 08:18:16.000,1,1,1,0,3,2023-12-27 20:28:59,2023,12
6,31,INC48031719,"266,226,194",52,"6,867,816,819","6,867,816,819","103,830,082","569,308,126",7,3,0,1,1,1,0,8,proceed,cancel,2023-12-26 15:18:45.000,2023-12-30 07:38:41.000,3,3,1,0,2,2023-12-26 15:15:13,2023,12
6,24,INC48034509,"140,946,784",105,"5,848,267,268","5,848,267,268","76,615,600","-99,999",3,3,0,0,0,0,0,9,proceed,cancel,2023-12-27 01:53:14.000,2023-12-29 08:55:09.000,3,3,1,0,2,2023-12-27 00:21:41,2023,12
6,24,INC48030571,"140,946,784",105,"5,848,267,268","5,848,267,268","61,667,736","-99,999",3,3,0,0,0,0,0,9,proceed,cancel,2023-12-26 10:53:14.000,2024-01-03 07:24:29.000,3,3,1,0,2,2023-12-26 09:30:54,2023,12
6,24,INC48031028,"266,226,194",121,"6,264,845,105","6,264,845,105","103,974,889","569,465,840",6,3,0,1,0,1,0,7,proceed,cancel,2023-12-26 13:22:04.000,2023-12-30 07:38:36.000,3,3,1,0,2,2023-12-26 13:10:30,2023,12
6,24,INC48042063,"166,126,616",51,"5,703,041,209","5,703,040,921","52,728,392","572,694,952",10,3,0,0,1,0,0,6,proceed,cancel,2023-12-29 14:53:46.000,2024-01-06 07:41:09.000,3,3,1,0,2,2023-12-28 02:08:48,2023,12
6,24,INC48031254,"266,226,194",121,"6,264,845,105","6,817,329,706","103,830,082","569,465,840",6,3,0,0,1,1,0,24,proceed,cancel,2023-12-26 21:54:04.000,2023-12-30 07:38:38.000,3,3,1,0,2,2023-12-26 14:04:52,2023,12
6,24,INC48038544,"166,126,616",51,"5,703,039,512","5,703,040,921","52,728,392","572,556,159",10,3,0,0,1,0,0,7,proceed,cancel,2024-01-08 14:02:31.000,2024-01-16 09:06:50.000,3,3,1,0,2,2023-12-27 17:14:52,2023,12
6,24,INC48032930,"166,126,616",121,"3,141,987,178","6,016,140,447","52,728,391","215,097,312",6,3,0,0,1,1,0,5,proceed,cancel,2023-12-27 18:16:10.000,2024-01-04 07:46:34.000,3,3,1,0,2,2023-12-26 18:25:29,2023,12
6,31,INC48031071,"166,126,616",122,"5,703,041,132","6,016,140,447","52,728,392","333,108,108",10,3,0,0,1,1,0,7,proceed,cancel,2023-12-28 20:13:23.000,2024-01-05 07:21:54.000,3,3,1,0,2,2023-12-26 13:20:23,2023,12
6,24,INC48040854,"140,946,784",105,"5,848,267,268","5,848,267,268","80,859,673","-99,999",3,5,0,0,0,0,0,8,proceed,cancel,2023-12-28 02:23:14.000,2024-01-04 07:26:52.000,3,3,1,0,2,2023-12-27 21:20:07,2023,12
6,31,INC48032679,"166,126,616",16,"4,536,264,761","4,536,264,761","52,729,432","571,333,591",6,3,0,1,0,0,0,3,proceed,cancel,2023-12-26 17:48:09.000,2024-01-03 07:56:05.000,3,3,1,0,2,2023-12-26 17:45:23,2023,12
6,24,INC48034508,"140,946,784",105,"5,848,267,268","5,848,267,268","76,615,600","-99,999",3,3,0,0,0,0,0,9,proceed,cancel,2023-12-27 01:53:14.000,2023-12-29 08:55:08.000,3,3,1,0,2,2023-12-27 00:21:40,2023,12
6,24,INC48035396,"140,946,784",105,"5,848,267,268","5,848,267,268","76,615,600","-99,999",3,3,0,0,0,0,0,7,proceed,cancel,2023-12-27 13:53:14.000,2023-12-28 04:32:28.000,3,3,1,0,2,2023-12-27 10:29:03,2023,12
6,24,INC48035310,"140,946,784",105,"5,848,267,268","5,848,267,268","76,615,600","-99,999",3,3,0,0,0,0,0,10,proceed,cancel,2023-12-27 10:53:14.000,2023-12-28 04:32:38.000,3,3,1,0,2,2023-12-27 09:26:37,2023,12
6,24,INC48033609,"140,946,784",105,"5,848,267,268","5,848,267,268","61,667,736","-99,999",3,3,0,0,0,0,0,9,proceed,cancel,2023-12-27 01:23:13.000,2024-01-03 07:25:00.000,3,3,1,0,2,2023-12-26 20:21:39,2023,12
6,31,INC48032029,"140,946,784",16,"6,345,982,539","6,230,797,880","61,667,736","-99,999",10,3,0,0,0,0,0,13,proceed,cancel,2024-01-25 17:55:50.000,2024-01-25 17:56:05.000,3,3,1,0,2,2023-12-26 16:01:47,2023,12
6,31,INC48033307,"266,226,194",122,"3,790,156,078","5,793,903,899","103,974,889","569,481,195",10,3,0,1,0,1,0,16,proceed,cancel,2023-12-27 16:39:36.000,2023-12-31 07:32:17.000,3,3,1,0,2,2023-12-26 19:27:34,2023,12
6,24,INC48037085,"140,946,784",105,"5,848,267,268","5,848,267,268","76,615,600","-99,999",3,3,0,0,0,0,0,8,proceed,cancel,2023-12-27 18:53:13.000,2024-01-04 07:26:51.000,3,3,1,0,2,2023-12-27 15:08:56,2023,12
6,24,INC48039807,"266,226,194",121,"6,264,845,105","6,264,845,105","103,974,889","569,465,840",6,3,0,1,0,1,0,12,proceed,cancel,2023-12-27 19:40:13.000,2023-12-31 07:32:30.000,3,3,1,0,2,2023-12-27 19:17:38,2023,12
6,24,INC48033878,"140,946,784",105,"5,848,267,268","5,848,267,268","80,859,673","-99,999",3,5,0,0,0,0,0,7,proceed,cancel,2023-12-27 02:23:13.000,2024-01-03 07:25:08.000,3,3,1,0,2,2023-12-26 21:19:53,2023,12
6,24,INC48030785,"266,226,194",121,"6,304,994,586","6,304,994,586","103,974,889","569,481,069",6,3,0,1,0,1,0,5,proceed,cancel,2023-12-26 11:39:31.000,2023-12-30 07:38:35.000,3,3,1,0,2,2023-12-26 11:38:08,2023,12
6,24,INC48034504,"140,946,784",105,"5,848,267,268","5,848,267,268","76,615,600","-99,999",3,3,0,0,0,0,0,9,proceed,cancel,2023-12-27 01:53:14.000,2023-12-29 08:55:00.000,3,3,1,0,2,2023-12-27 00:21:33,2023,12
6,24,INC48035294,"140,946,784",105,"5,848,267,268","5,848,267,268","76,615,600","-99,999",3,3,0,0,0,0,0,10,proceed,cancel,2023-12-27 10:53:13.000,2023-12-28 04:32:40.000,3,3,1,0,2,2023-12-27 09:21:46,2023,12
6,24,INC48030553,"140,946,784",105,"5,848,267,268","5,848,267,268","61,667,736","-99,999",3,5,0,0,0,0,0,9,proceed,cancel,2023-12-26 10:53:14.000,2024-01-03 07:24:16.000,3,3,1,0,2,2023-12-26 09:25:58,2023,12
6,31,INC48033219,"166,126,616",16,"4,536,264,761","4,536,264,761","52,729,432","571,333,591",6,3,0,1,0,0,0,3,proceed,cancel,2023-12-26 19:10:30.000,2024-01-03 07:56:06.000,3,3,1,0,2,2023-12-26 19:09:32,2023,12
6,31,INC48034097,"166,126,616",122,"5,802,727,114","5,703,040,921","52,728,392","412,084,640",10,3,0,0,1,1,0,14,proceed,cancel,2023-12-31 15:04:52.000,2024-01-08 09:09:10.000,3,3,1,0,2,2023-12-26 22:03:49,2023,12
6,24,INC48042210,"166,126,616",121,"3,503,348,459","3,503,348,459","52,729,432","571,456,192",6,3,0,1,2,1,0,4,proceed,cancel,2023-12-28 03:52:59.000,2024-01-04 07:46:37.000,3,3,1,0,2,2023-12-28 03:48:21,2023,12
6,24,INC48033852,"166,126,616",121,"3,503,348,459","3,503,348,459","52,729,432","571,456,192",6,3,0,1,0,1,0,4,proceed,cancel,2023-12-27 02:54:21.000,2024-01-03 07:56:06.000,3,3,1,0,2,2023-12-26 21:11:27,2023,12
6,24,INC48033613,"140,946,784",105,"5,848,267,268","5,848,267,268","61,667,736","-99,999",3,3,0,0,0,0,0,9,proceed,cancel,2023-12-27 01:23:14.000,2024-01-03 07:25:04.000,3,3,1,0,2,2023-12-26 20:21:46,2023,12
6,24,INC48030561,"140,946,784",105,"5,848,267,268","5,848,267,268","61,667,736","-99,999",3,5,0,0,0,0,0,9,proceed,cancel,2023-12-26 10:53:14.000,2024-01-03 07:24:25.000,3,3,1,0,2,2023-12-26 09:27:04,2023,12
6,24,INC48034672,"140,946,784",105,"5,848,267,268","5,848,267,268","76,615,600","-99,999",3,3,0,0,0,0,0,7,proceed,cancel,2023-12-27 03:23:13.000,2024-01-03 07:25:10.000,3,3,1,0,2,2023-12-27 01:58:32,2023,12
6,24,INC48032156,"166,126,616",121,"3,141,987,178","5,703,040,921","52,728,392","571,423,726",6,3,0,0,1,1,0,4,proceed,cancel,2023-12-29 14:27:39.000,2024-01-06 07:41:08.000,3,3,1,0,2,2023-12-26 16:18:31,2023,12
6,24,INC48032941,"140,946,784",105,"5,848,267,268","6,345,982,539","61,667,736","-99,999",3,3,0,0,0,0,0,7,proceed,cancel,2023-12-30 12:32:02.000,2023-12-30 12:32:33.000,3,3,1,0,2,2023-12-26 18:27:12,2023,12
6,24,INC48032614,"140,946,784",105,"5,848,267,268","5,848,267,268","76,615,600","-99,999",3,3,0,0,0,0,0,12,proceed,cancel,2023-12-26 18:53:14.000,2024-01-03 07:24:46.000,3,3,1,0,2,2023-12-26 17:35:23,2023,12
6,24,INC48031878,"140,946,784",105,"5,848,267,268","-99,999","80,859,673","-99,999",3,3,0,0,0,0,0,54,proceed,cancel,2023-12-26 16:17:35.000,2024-01-04 07:26:47.000,3,3,1,0,2,2023-12-26 15:40:17,2023,12
6,31,INC48041863,"166,126,616",16,"3,503,348,459","3,503,348,459","52,729,432","571,333,591",6,3,0,1,0,0,0,4,proceed,cancel,2023-12-28 04:35:42.000,2024-01-04 07:46:36.000,3,3,1,0,2,2023-12-28 00:43:57,2023,12
6,24,INC48037629,"266,226,194",27,"6,264,845,105","6,867,816,819","103,830,082","569,477,533",6,3,0,1,1,1,0,11,proceed,cancel,2023-12-27 19:04:02.000,2023-12-31 07:32:26.000,3,3,1,0,2,2023-12-27 15:56:28,2023,12
6,24,INC48036458,"266,226,194",121,"6,264,845,105","6,264,845,105","103,974,889","569,381,099",6,3,0,1,0,1,0,6,proceed,cancel,2023-12-27 14:21:46.000,2023-12-31 07:32:22.000,3,3,1,0,2,2023-12-27 14:14:29,2023,12
6,24,INC48039222,"266,226,194",121,"6,264,845,105","6,264,845,105","103,974,889","569,480,995",6,3,0,1,0,1,0,5,proceed,cancel,2023-12-27 18:28:34.000,2023-12-31 07:32:29.000,3,3,1,0,2,2023-12-27 18:26:37,2023,12
6,31,INC48035058,"266,226,194",16,"6,200,018,870","6,867,816,819","103,830,082","569,435,003",6,3,0,1,1,1,0,20,proceed,cancel,2023-12-27 20:44:19.000,2023-12-31 07:32:18.000,3,3,1,0,2,2023-12-27 06:52:41,2023,12
6,24,INC48040256,"166,126,616",51,"6,357,564,258","6,016,140,447","52,728,392","571,423,726",10,3,0,0,1,1,0,17,proceed,cancel,2024-02-06 18:49:23.000,2024-02-14 08:17:19.000,3,3,1,0,2,2023-12-27 20:11:02,2023,12
6,24,INC48042025,"140,946,784",105,"5,848,267,268","5,916,170,592","76,615,600","-99,999",3,3,0,0,0,0,0,14,proceed,cancel,2023-12-28 04:23:18.000,2023-12-28 04:23:37.000,3,3,1,0,2,2023-12-28 01:49:36,2023,12
6,24,INC48036728,"140,946,784",105,"5,848,267,268","5,848,267,268","76,615,600","-99,999",3,3,0,0,0,0,0,10,proceed,cancel,2023-12-27 15:53:14.000,2024-01-04 07:26:49.000,3,3,1,0,2,2023-12-27 14:36:24,2023,12
6,31,INC48039156,"266,226,194",16,"3,790,156,078","6,817,329,706","103,830,082","569,255,282",10,3,0,1,1,0,0,11,proceed,cancel,2023-12-28 20:19:51.000,2024-01-01 07:36:32.000,3,3,1,0,2,2023-12-27 18:20:16,2023,12
6,24,INC48037033,"140,946,784",105,"5,848,267,268","-99,999","76,615,600","-99,999",3,3,0,0,0,0,0,14,proceed,cancel,2024-02-24 08:06:40.000,2024-02-24 08:06:40.000,3,3,1,0,2,2023-12-27 15:04:54,2023,12
6,24,INC48042033,"140,946,784",105,"5,848,267,268","5,848,267,268","76,615,600","-99,999",3,3,0,0,0,0,0,9,proceed,cancel,2023-12-28 03:23:13.000,2023-12-28 04:23:52.000,3,3,1,0,2,2023-12-28 01:53:06,2023,12
6,24,INC48035628,"140,946,784",105,"5,848,267,268","5,848,267,268","76,615,600","-99,999",3,3,0,0,0,0,0,9,proceed,cancel,2023-12-27 13:53:13.000,2024-01-04 07:26:48.000,3,3,1,0,2,2023-12-27 12:20:03,2023,12
6,24,INC48036207,"140,946,784",105,"5,848,267,268","5,848,267,268","80,859,673","-99,999",3,5,0,0,0,0,0,10,proceed,cancel,2023-12-27 14:53:14.000,2023-12-28 11:39:44.000,3,3,1,0,2,2023-12-27 13:49:44,2023,12
6,24,INC48035832,"266,226,194",121,"6,264,845,105","6,867,816,819","103,830,082","569,280,795",6,3,0,1,1,1,0,18,proceed,cancel,2023-12-27 15:15:17.000,2023-12-31 07:32:21.000,3,3,1,0,2,2023-12-27 13:02:49,2023,12
6,24,INC48035309,"140,946,784",105,"5,848,267,268","5,848,267,268","76,615,600","-99,999",3,3,0,0,0,0,0,10,proceed,cancel,2023-12-27 10:53:14.000,2023-12-28 04:32:41.000,3,3,1,0,2,2023-12-27 09:26:35,2023,12
6,24,INC48035284,"140,946,784",105,"5,848,267,268","5,848,267,268","76,615,600","-99,999",3,5,0,0,0,0,0,10,proceed,cancel,2023-12-27 10:53:13.000,2023-12-28 04:32:23.000,3,3,1,0,2,2023-12-27 09:17:23,2023,12
6,24,INC48042034,"140,946,784",105,"5,848,267,268","5,848,267,268","76,615,600","-99,999",3,3,0,0,0,0,0,9,proceed,cancel,2023-12-28 03:23:13.000,2023-12-28 04:23:53.000,3,3,1,0,2,2023-12-28 01:53:09,2023,12
6,24,INC48042197,"266,226,194",121,"6,799,802,581","6,799,802,581","103,974,889","569,296,391",6,3,0,1,0,1,0,4,proceed,cancel,2023-12-28 04:00:11.000,2023-12-31 07:32:31.000,3,3,1,0,2,2023-12-28 03:36:25,2023,12
6,31,INC48036746,"266,226,194",122,"6,867,816,819","6,867,816,819","103,830,082","569,354,765",7,3,0,1,1,0,0,8,proceed,cancel,2023-12-27 15:16:36.000,2023-12-31 07:32:23.000,3,3,1,0,2,2023-12-27 14:38:45,2023,12
6,24,INC48037104,"166,126,616",121,"3,141,987,178","3,141,987,178","52,729,432","572,633,261",6,3,0,1,0,0,0,3,proceed,cancel,2023-12-27 15:22:09.000,2024-01-04 07:46:35.000,3,3,1,0,2,2023-12-27 15:10:48,2023,12
6,24,INC48040483,"140,946,784",105,"5,848,267,268","6,345,982,539","76,615,600","-99,999",3,3,0,0,0,0,0,17,proceed,cancel,2024-01-12 07:01:49.000,2024-01-12 07:02:21.000,3,3,1,0,2,2023-12-27 20:34:06,2023,12
6,31,INC48037517,"266,226,194",122,"6,867,816,819","6,867,816,819","103,830,082","569,450,566",7,3,0,1,1,1,0,8,proceed,cancel,2023-12-27 16:34:17.000,2023-12-31 07:32:24.000,3,3,1,0,2,2023-12-27 15:48:17,2023,12
6,24,INC48035306,"140,946,784",105,"5,848,267,268","5,848,267,268","76,615,600","-99,999",3,3,0,0,0,0,0,10,proceed,cancel,2023-12-27 10:53:14.000,2023-12-28 04:32:24.000,3,3,1,0,2,2023-12-27 09:25:23,2023,12
6,24,INC48040114,"266,226,194",121,"6,264,845,105","6,817,328,029","103,830,082","569,381,234",6,3,0,1,1,1,0,28,proceed,cancel,2024-01-05 18:12:23.000,2024-01-09 09:24:06.000,3,3,1,1,2,2023-12-27 19:53:45,2023,12
6,24,INC48035293,"140,946,784",105,"5,848,267,268","5,848,267,268","76,615,600","-99,999",3,3,0,0,0,0,0,10,proceed,cancel,2023-12-27 10:53:13.000,2023-12-28 04:32:25.000,3,3,1,0,2,2023-12-27 09:21:45,2023,12
6,24,INC48035301,"140,946,784",105,"5,848,267,268","5,848,267,268","76,615,600","-99,999",3,3,0,0,0,0,0,10,proceed,cancel,2023-12-27 10:53:14.000,2023-12-28 04:32:36.000,3,3,1,0,2,2023-12-27 09:24:05,2023,12
6,24,INC48037084,"140,946,784",105,"5,848,267,268","5,848,267,268","76,615,600","-99,999",3,3,0,0,0,0,0,8,proceed,cancel,2023-12-27 18:53:14.000,2024-01-04 07:26:49.000,3,3,1,0,2,2023-12-27 15:08:54,2023,12
6,24,INC48035312,"140,946,784",105,"5,848,267,268","5,848,267,268","76,615,600","-99,999",3,3,0,0,0,0,0,10,proceed,cancel,2023-12-27 10:53:14.000,2023-12-28 04:32:37.000,3,3,1,0,2,2023-12-27 09:27:43,2023,12
6,24,INC48035302,"140,946,784",105,"5,848,267,268","5,848,267,268","76,615,600","-99,999",3,3,0,0,0,0,0,10,proceed,cancel,2023-12-27 10:53:14.000,2023-12-28 04:32:33.000,3,3,1,0,2,2023-12-27 09:24:06,2023,12
6,24,INC48035594,"266,226,194",121,"6,200,018,870","6,867,816,743","103,830,082","569,388,847",6,3,0,1,1,1,0,11,proceed,cancel,2023-12-27 14:21:18.000,2023-12-31 07:32:20.000,3,3,1,0,2,2023-12-27 12:12:41,2023,12
6,24,INC48038429,"266,226,194",121,"6,264,845,105","6,264,845,105","103,974,889","569,480,995",6,3,0,1,0,1,0,5,proceed,cancel,2023-12-27 17:05:52.000,2023-12-31 07:32:28.000,3,3,1,0,2,2023-12-27 17:02:57,2023,12
6,24,INC48035298,"140,946,784",105,"5,848,267,268","5,848,267,268","76,615,600","-99,999",3,3,0,0,0,0,0,10,proceed,cancel,2023-12-27 10:53:14.000,2023-12-28 04:32:35.000,3,3,1,0,2,2023-12-27 09:22:58,2023,12
6,24,INC48035303,"140,946,784",105,"5,848,267,268","5,848,267,268","76,615,600","-99,999",3,3,0,0,0,0,0,10,proceed,cancel,2023-12-27 10:53:14.000,2023-12-28 04:32:27.000,3,3,1,0,2,2023-12-27 09:24:08,2023,12
6,24,INC48039634,"266,226,194",121,"3,790,156,078","6,838,119,269","103,974,889","569,462,314",10,3,0,1,0,1,0,30,proceed,cancel,2024-01-04 16:57:43.000,2024-01-08 09:13:30.000,3,3,1,0,2,2023-12-27 19:02:02,2023,12
6,24,INC48042079,"166,126,616",121,"6,842,456,985","6,016,140,447","52,728,392","571,456,192",6,3,0,0,1,1,0,7,proceed,cancel,2023-12-28 20:17:30.000,2024-01-05 07:21:55.000,3,3,1,0,2,2023-12-28 02:16:09,2023,12
6,31,INC48040243,"266,226,194",122,"6,867,620,606","6,817,330,717","103,830,079","569,272,812",4,3,0,0,2,1,0,16,proceed,cancel,2024-03-12 18:03:47.000,2024-03-16 06:35:45.000,3,3,1,0,2,2023-12-27 20:08:44,2023,12
6,24,INC48040964,"166,126,616",121,"6,278,127,893","5,703,040,921","52,728,392","571,419,514",10,3,0,0,1,1,0,8,proceed,cancel,2023-12-29 14:42:15.000,2024-01-06 07:41:09.000,3,3,1,0,2,2023-12-27 21:36:49,2023,12
6,31,INC48042486,"140,946,784",16,"5,916,170,592","6,345,982,539","76,615,600","-99,999",10,3,0,0,3,0,0,14,proceed,cancel,2024-01-05 02:11:38.000,2024-01-05 02:11:59.000,3,3,1,0,2,2023-12-28 06:29:30,2023,12
6,24,INC48035394,"140,946,784",105,"5,848,267,268","5,848,267,268","76,615,600","-99,999",3,3,0,0,0,0,0,7,proceed,cancel,2023-12-27 13:53:13.000,2023-12-28 04:32:29.000,3,3,1,0,2,2023-12-27 10:27:53,2023,12
6,24,INC48042026,"140,946,784",105,"5,848,267,268","5,848,267,268","76,615,600","-99,999",3,3,0,0,0,0,0,8,proceed,cancel,2023-12-28 02:53:14.000,2024-01-04 07:26:53.000,3,3,1,0,2,2023-12-28 01:49:38,2023,12
6,24,INC48035267,"266,226,194",121,"6,200,018,870","6,200,018,870","103,974,889","569,257,950",6,3,0,1,0,1,0,7,proceed,cancel,2023-12-27 11:40:27.000,2023-12-31 07:32:19.000,3,3,1,0,2,2023-12-27 09:07:34,2023,12
6,24,INC48037724,"266,226,194",121,"6,264,845,105","6,817,329,706","103,830,082","569,446,671",6,3,0,0,1,1,0,23,proceed,cancel,2023-12-27 19:03:00.000,2023-12-31 07:32:26.000,3,3,1,0,2,2023-12-27 16:02:17,2023,12
6,24,INC48040732,"166,126,616",121,"3,503,348,459","3,503,348,459","52,729,432","215,097,312",6,3,0,1,0,1,0,3,proceed,cancel,2023-12-27 21:16:41.000,2024-01-04 07:46:36.000,3,3,1,0,2,2023-12-27 21:03:49,2023,12
6,31,INC48037276,"166,126,616",16,"5,992,191,024","6,016,140,447","52,728,392","571,419,514",10,3,0,0,1,1,0,6,proceed,cancel,2023-12-27 18:15:37.000,2024-01-04 07:46:35.000,3,3,1,0,2,2023-12-27 15:28:34,2023,12
6,24,INC48035296,"140,946,784",105,"5,848,267,268","5,848,267,268","76,615,600","-99,999",3,3,0,0,0,0,0,10,proceed,cancel,2023-12-27 10:53:13.000,2023-12-28 04:32:34.000,3,3,1,0,2,2023-12-27 09:22:55,2023,12
6,24,INC48035279,"140,946,784",105,"5,848,267,268","5,848,267,268","61,667,736","-99,999",3,5,0,0,0,0,0,10,proceed,cancel,2023-12-27 10:53:13.000,2023-12-28 04:32:32.000,3,3,1,0,2,2023-12-27 09:16:44,2023,12
6,24,INC48035295,"140,946,784",105,"5,848,267,268","5,848,267,268","76,615,600","-99,999",3,3,0,0,0,0,0,10,proceed,cancel,2023-12-27 10:53:13.000,2023-12-28 04:32:43.000,3,3,1,0,2,2023-12-27 09:22:53,2023,12
6,24,INC48039215,"266,226,194",121,"3,790,156,078","6,867,816,743","103,830,082","569,338,860",10,3,0,1,1,1,0,22,proceed,cancel,2023-12-27 20:41:21.000,2023-12-31 07:32:29.000,3,3,1,0,2,2023-12-27 18:25:15,2023,12
6,24,INC48035484,"266,226,194",121,"6,200,018,870","6,200,018,870","103,974,889","569,361,340",6,3,0,1,0,1,0,6,proceed,cancel,2023-12-27 11:40:06.000,2023-12-31 07:32:19.000,3,3,1,0,2,2023-12-27 11:29:14,2023,12
6,24,INC48033602,"140,946,784",105,"5,848,267,268","5,848,267,268","61,667,736","-99,999",3,3,0,0,0,0,0,9,proceed,cancel,2023-12-27 01:23:13.000,2024-01-03 07:24:53.000,3,3,1,0,2,2023-12-26 20:21:29,2023,12
6,24,INC48033571,"140,946,784",105,"5,848,267,268","5,848,267,268","61,667,736","-99,999",3,5,0,0,0,0,0,10,proceed,cancel,2024-01-05 01:23:13.000,2024-01-17 07:59:13.000,3,3,1,0,2,2023-12-26 20:16:36,2023,12
6,25,INC48032639,"266,226,194",63,"6,264,845,105","6,264,845,105","103,974,889","569,255,098",6,3,0,1,0,1,0,4,proceed,cancel,2023-12-26 17:41:46.000,2023-12-30 07:38:43.000,3,3,1,0,2,2023-12-26 17:39:06,2023,12
6,25,INC48033053,"166,126,616",63,"6,819,139,276","6,819,139,276","52,729,432","571,456,467",6,3,0,1,0,0,0,5,proceed,cancel,2023-12-26 18:50:09.000,2024-01-03 07:56:05.000,3,3,1,0,2,2023-12-26 18:43:57,2023,12
6,24,INC48030560,"140,946,784",105,"5,848,267,268","5,848,267,268","76,615,600","-99,999",3,5,0,0,0,0,0,9,proceed,cancel,2023-12-26 10:53:14.000,2024-01-03 07:24:24.000,3,3,1,0,2,2023-12-26 09:27:03,2023,12
6,31,INC48031048,"166,126,616",16,"6,816,701,351","6,816,701,351","52,729,432","571,456,467",6,3,0,1,0,0,0,5,proceed,cancel,2023-12-26 13:17:07.000,2024-01-03 07:56:04.000,3,3,1,0,2,2023-12-26 13:14:40,2023,12
6,31,INC48034554,"166,126,616",122,"5,707,696,790","5,703,040,921","52,728,392","592,898,110",10,3,0,0,1,0,0,11,proceed,cancel,2024-01-16 16:10:24.000,2024-01-24 09:03:07.000,3,3,1,0,2,2023-12-27 00:37:49,2023,12
6,31,INC48034263,"166,126,616",122,"5,703,037,892","5,703,040,921","52,728,392","215,060,468",10,3,0,0,1,1,0,6,proceed,cancel,2023-12-29 14:32:27.000,2024-01-06 07:41:08.000,3,3,1,0,2,2023-12-26 22:52:50,2023,12
6,24,INC48033608,"140,946,784",105,"5,848,267,268","5,848,267,268","61,667,736","-99,999",3,3,0,0,0,0,0,9,proceed,cancel,2023-12-27 01:23:13.000,2024-01-03 07:24:59.000,3,3,1,0,2,2023-12-26 20:21:38,2023,12
6,24,INC48030578,"140,946,784",105,"5,848,267,268","5,848,267,268","61,667,736","-99,999",3,3,0,0,0,0,0,9,proceed,cancel,2023-12-26 10:53:14.000,2024-01-03 07:24:37.000,3,3,1,0,2,2023-12-26 09:31:04,2023,12
6,24,INC48030584,"140,946,784",105,"5,848,267,268","5,848,267,268","61,667,736","-99,999",3,3,0,0,0,0,0,9,proceed,cancel,2023-12-26 10:53:15.000,2024-01-03 07:24:43.000,3,3,1,0,2,2023-12-26 09:32:05,2023,12
6,24,INC48031522,"266,226,194",121,"6,264,845,105","6,817,329,706","103,830,082","569,280,795",6,3,0,0,1,1,0,21,proceed,cancel,2023-12-27 16:38:58.000,2023-12-31 07:32:15.000,3,3,1,0,2,2023-12-26 14:45:46,2023,12
6,31,INC48032735,"266,226,194",122,"6,867,816,819","6,867,816,819","103,830,082","569,450,566",2,3,0,0,1,1,0,10,proceed,cancel,2024-01-02 17:11:33.000,2024-01-06 07:47:24.000,3,3,1,0,2,2023-12-26 17:52:48,2023,12
6,24,INC48031282,"266,226,194",121,"3,790,156,078","6,838,119,269","103,974,889","569,272,812",4,3,0,1,0,1,0,11,proceed,cancel,2023-12-28 16:53:37.000,2024-01-01 07:36:30.000,3,3,1,0,2,2023-12-26 14:08:10,2023,12
6,24,INC48031928,"266,226,194",121,"6,264,845,105","6,867,816,819","103,830,082","569,480,995",6,3,0,1,1,1,0,20,proceed,cancel,2023-12-26 19:19:12.000,2023-12-30 07:38:42.000,3,3,1,0,2,2023-12-26 15:47:46,2023,12
6,24,INC48033599,"140,946,784",105,"5,848,267,268","5,848,267,268","61,667,736","-99,999",3,3,0,0,0,0,0,9,proceed,cancel,2023-12-27 01:23:13.000,2024-01-03 07:24:51.000,3,3,1,0,2,2023-12-26 20:21:26,2023,12
6,24,INC48033558,"266,226,194",121,"6,799,802,581","6,799,802,581","103,974,889","569,280,921",6,3,0,1,0,1,0,4,proceed,cancel,2023-12-26 20:18:07.000,2023-12-30 07:38:44.000,3,3,1,0,2,2023-12-26 20:14:55,2023,12
6,24,INC48030557,"140,946,784",105,"5,848,267,268","5,848,267,268","76,615,600","-99,999",3,5,0,0,0,0,0,9,proceed,cancel,2023-12-26 10:53:14.000,2024-01-03 07:24:21.000,3,3,1,0,2,2023-12-26 09:26:50,2023,12
6,24,INC48030550,"140,946,784",105,"5,848,267,268","-99,999","61,667,736","-99,999",3,5,0,0,0,0,0,44,proceed,cancel,2024-01-25 17:56:17.000,2024-01-25 17:56:17.000,3,3,1,0,2,2023-12-26 09:25:53,2023,12
6,24,INC48031057,"266,226,194",121,"6,264,845,105","6,264,845,105","103,974,889","569,465,840",6,3,0,1,0,1,0,6,proceed,cancel,2023-12-26 13:29:44.000,2023-12-30 07:38:36.000,3,3,1,0,2,2023-12-26 13:16:42,2023,12
6,24,INC48032299,"266,226,194",121,"6,264,845,105","6,817,329,706","103,830,082","569,465,840",6,3,0,0,1,1,0,25,proceed,cancel,2023-12-26 19:25:28.000,2023-12-30 07:38:43.000,3,3,1,0,2,2023-12-26 16:41:45,2023,12
6,24,INC48033603,"140,946,784",105,"5,848,267,268","5,848,267,268","61,667,736","-99,999",3,3,0,0,0,0,0,9,proceed,cancel,2023-12-27 01:23:13.000,2024-01-03 07:24:54.000,3,3,1,0,2,2023-12-26 20:21:30,2023,12
6,24,INC48033565,"140,946,784",105,"5,848,267,268","5,848,267,268","61,667,736","-99,999",3,3,0,0,0,0,0,13,proceed,cancel,2024-01-02 18:53:13.000,2024-01-17 07:59:10.000,3,3,1,0,2,2023-12-26 20:16:23,2023,12
6,24,INC48034495,"140,946,784",105,"5,848,267,268","5,848,267,268","76,615,600","-99,999",3,3,0,0,0,0,0,9,proceed,cancel,2023-12-27 01:53:13.000,2023-12-29 08:55:05.000,3,3,1,0,2,2023-12-27 00:20:26,2023,12
6,25,INC48037908,"266,226,194",63,"6,264,845,105","6,264,845,105","103,974,889","569,324,130",6,3,0,1,0,1,0,6,proceed,cancel,2023-12-27 16:19:03.000,2023-12-31 07:32:27.000,3,3,1,0,2,2023-12-27 16:17:11,2023,12
6,24,INC48030581,"140,946,784",105,"5,848,267,268","5,848,267,268","61,667,736","-99,999",3,3,0,0,0,0,0,9,proceed,cancel,2023-12-26 10:53:15.000,2024-01-03 07:24:40.000,3,3,1,0,2,2023-12-26 09:31:59,2023,12
6,24,INC48033572,"140,946,784",105,"5,848,267,268","5,848,267,268","61,667,736","-99,999",3,5,0,0,0,0,0,9,proceed,cancel,2023-12-27 01:23:13.000,2024-01-03 07:24:50.000,3,3,1,0,2,2023-12-26 20:16:38,2023,12
6,24,INC48030574,"140,946,784",105,"5,848,267,268","5,848,267,268","61,667,736","-99,999",3,3,0,0,0,0,0,9,proceed,cancel,2023-12-26 10:53:14.000,2024-01-03 07:24:32.000,3,3,1,0,2,2023-12-26 09:30:58,2023,12
6,31,INC48034578,"140,946,784",52,"6,230,797,880","6,230,797,880","61,667,736","-99,999",10,3,0,0,2,0,0,16,proceed,cancel,2024-01-25 18:12:39.000,2024-01-25 18:12:54.000,3,3,1,0,2,2023-12-27 00:55:13,2023,12
6,24,INC48041176,"266,226,194",121,"6,799,802,581","6,799,802,581","103,974,889","569,296,391",6,3,0,1,0,1,0,4,proceed,cancel,2023-12-27 22:10:48.000,2023-12-31 07:32:31.000,3,3,1,0,2,2023-12-27 22:07:52,2023,12
6,24,INC48033879,"140,946,784",105,"5,848,267,268","5,848,267,268","76,615,600","-99,999",3,5,0,0,0,0,0,11,proceed,cancel,2023-12-27 22:23:13.000,2024-01-04 07:26:47.000,3,3,1,0,2,2023-12-26 21:19:54,2023,12
6,24,INC48030562,"140,946,784",105,"5,848,267,268","5,848,267,268","61,667,736","-99,999",3,5,0,0,0,0,0,9,proceed,cancel,2023-12-26 10:53:14.000,2024-01-03 07:24:26.000,3,3,1,0,2,2023-12-26 09:27:06,2023,12
6,24,INC48030582,"140,946,784",105,"5,848,267,268","5,848,267,268","61,667,736","-99,999",3,3,0,0,0,0,0,9,proceed,cancel,2023-12-26 10:53:14.000,2024-01-03 07:24:41.000,3,3,1,0,2,2023-12-26 09:32:01,2023,12
6,24,INC48033614,"140,946,784",105,"5,848,267,268","5,848,267,268","61,667,736","-99,999",3,3,0,0,0,0,0,9,proceed,cancel,2023-12-27 01:23:14.000,2024-01-03 07:25:05.000,3,3,1,0,2,2023-12-26 20:21:48,2023,12
6,24,INC48030577,"140,946,784",105,"5,848,267,268","5,848,267,268","61,667,736","-99,999",3,3,0,0,0,0,0,9,proceed,cancel,2023-12-26 10:53:14.000,2024-01-03 07:24:36.000,3,3,1,0,2,2023-12-26 09:31:03,2023,12
6,24,INC48035276,"140,946,784",105,"5,848,267,268","5,848,267,268","76,615,600","-99,999",3,5,0,0,0,0,0,10,proceed,cancel,2023-12-27 10:53:13.000,2023-12-28 04:32:37.000,3,3,1,0,2,2023-12-27 09:16:13,2023,12
6,24,INC48030558,"140,946,784",105,"5,848,267,268","5,848,267,268","61,667,736","-99,999",3,5,0,0,0,0,0,9,proceed,cancel,2023-12-26 10:53:14.000,2024-01-03 07:24:22.000,3,3,1,0,2,2023-12-26 09:27:00,2023,12
6,24,INC48033567,"140,946,784",105,"5,848,267,268","5,848,267,268","61,667,736","-99,999",3,5,0,0,0,0,0,9,proceed,cancel,2023-12-27 01:23:13.000,2024-01-03 07:24:47.000,3,3,1,0,2,2023-12-26 20:16:28,2023,12
6,31,INC48030893,"266,226,194",16,"3,790,156,078","6,838,119,269","103,974,889","569,280,921",10,3,0,1,0,1,0,13,proceed,cancel,2023-12-29 17:28:53.000,2024-01-02 08:43:51.000,3,3,1,0,2,2023-12-26 12:27:05,2023,12
6,24,INC48033566,"140,946,784",105,"5,848,267,268","5,848,267,268","76,615,600","-99,999",3,5,0,0,0,0,0,65,proceed,cancel,2023-12-27 01:23:14.000,2024-01-17 07:59:11.000,3,3,1,0,2,2023-12-26 20:16:25,2023,12
6,31,INC48034324,"166,126,616",122,"6,207,662,063","5,703,040,921","52,728,392","-99,999",10,3,0,0,1,0,0,9,proceed,cancel,2023-12-29 20:51:43.000,2024-01-06 07:41:09.000,3,3,1,0,2,2023-12-26 23:14:27,2023,12
6,24,INC48030791,"266,226,194",121,"6,200,018,870","6,200,018,870","103,974,889","569,276,714",6,3,0,1,0,1,0,7,proceed,cancel,2023-12-26 12:00:33.000,2023-12-30 07:38:35.000,3,3,1,0,2,2023-12-26 11:45:45,2023,12
6,24,INC48034833,"266,226,194",121,"6,799,802,581","6,799,802,581","103,974,889","569,311,341",6,3,0,1,0,1,0,4,proceed,cancel,2023-12-27 03:58:32.000,2023-12-30 07:38:45.000,3,3,1,0,2,2023-12-27 03:52:22,2023,12
6,31,INC48033463,"166,126,616",122,"3,790,156,078","6,197,463,044","52,728,393","214,602,738",4,3,0,0,1,1,0,6,proceed,cancel,2023-12-28 16:05:13.000,2024-01-05 07:21:54.000,3,3,1,0,2,2023-12-26 19:57:03,2023,12
6,31,INC48039337,"166,126,616",122,"6,842,456,985","6,770,881,793","52,728,392","571,456,192",6,3,0,0,1,1,0,6,proceed,cancel,2023-12-27 18:47:42.000,2024-01-04 07:46:36.000,3,3,1,0,2,2023-12-27 18:37:34,2023,12
6,24,INC48030575,"140,946,784",105,"5,848,267,268","5,848,267,268","61,667,736","-99,999",3,3,0,0,0,0,0,9,proceed,cancel,2023-12-26 10:53:14.000,2024-01-03 07:24:34.000,3,3,1,0,2,2023-12-26 09:31:00,2023,12
6,24,INC48033120,"266,226,194",121,"3,790,156,078","6,817,329,706","103,830,082","569,288,150",10,3,0,0,1,1,0,11,proceed,cancel,2023-12-27 15:33:12.000,2023-12-31 07:32:16.000,3,3,1,0,2,2023-12-26 18:54:58,2023,12
6,24,INC48034985,"140,946,784",105,"5,848,267,268","5,848,267,268","80,859,673","-99,999",3,3,0,0,0,0,0,7,proceed,cancel,2023-12-27 14:53:14.000,2023-12-28 11:39:43.000,3,3,1,0,2,2023-12-27 05:55:04,2023,12
6,24,INC48030605,"140,946,784",105,"5,848,267,268","5,848,267,268","76,615,600","-99,999",3,5,0,0,0,0,0,9,proceed,cancel,2023-12-26 21:23:14.000,2024-01-03 07:24:44.000,3,3,1,0,2,2023-12-26 09:40:21,2023,12
6,24,INC48034251,"140,946,784",105,"5,848,267,268","5,848,267,268","76,615,600","-99,999",3,3,0,0,0,0,0,8,proceed,cancel,2023-12-26 23:53:14.000,2024-01-03 07:25:09.000,3,3,1,0,2,2023-12-26 22:50:23,2023,12
6,24,INC48032429,"166,126,616",103,"6,853,836,737","6,853,836,737","52,729,432","215,070,509",6,3,0,1,0,0,0,4,proceed,cancel,2023-12-26 17:31:02.000,2024-01-03 07:56:04.000,3,3,1,0,2,2023-12-26 17:03:43,2023,12
6,24,INC48034503,"140,946,784",105,"5,848,267,268","5,848,267,268","76,615,600","-99,999",3,3,0,0,0,0,0,9,proceed,cancel,2023-12-27 01:53:13.000,2023-12-29 08:55:03.000,3,3,1,0,2,2023-12-27 00:21:32,2023,12
6,31,INC48034883,"140,946,784",52,"5,916,170,592","5,916,170,592","76,615,600","-99,999",10,3,0,0,1,0,0,18,proceed,cancel,2023-12-28 04:31:11.000,2023-12-28 04:32:04.000,3,3,1,0,2,2023-12-27 04:21:32,2023,12
6,24,INC48039280,"166,126,616",121,"6,819,139,276","5,802,727,114","52,728,393","571,423,726",6,5,0,0,1,1,0,10,proceed,cancel,2024-01-02 04:25:32.000,2024-01-12 08:00:43.000,2,3,1,0,2,2023-12-27 18:32:03,2023,12
6,24,INC48030579,"140,946,784",105,"5,848,267,268","5,848,267,268","61,667,736","-99,999",3,3,0,0,0,0,0,9,proceed,cancel,2023-12-26 10:53:15.000,2024-01-03 07:24:38.000,3,3,1,0,2,2023-12-26 09:31:06,2023,12
6,24,INC48034510,"140,946,784",105,"5,848,267,268","5,848,267,268","76,615,600","-99,999",3,3,0,0,0,0,0,9,proceed,cancel,2023-12-27 01:53:14.000,2023-12-29 08:55:07.000,3,3,1,0,2,2023-12-27 00:21:43,2023,12
6,24,INC48030569,"140,946,784",105,"5,848,267,268","5,848,267,268","61,667,736","-99,999",3,3,0,0,0,0,0,9,proceed,cancel,2023-12-26 10:53:14.000,2024-01-03 07:24:27.000,3,3,1,0,2,2023-12-26 09:30:51,2023,12
6,24,INC48033605,"140,946,784",105,"5,848,267,268","5,848,267,268","61,667,736","-99,999",3,3,0,0,0,0,0,9,proceed,cancel,2023-12-27 01:23:13.000,2024-01-03 07:24:56.000,3,3,1,0,2,2023-12-26 20:21:34,2023,12
6,24,INC48039402,"166,126,616",121,"6,026,174,636","5,703,040,921","52,728,392","591,460,505",10,3,0,0,1,1,0,6,proceed,cancel,2023-12-29 13:05:10.000,2024-01-06 07:41:09.000,3,3,1,0,2,2023-12-27 18:43:57,2023,12
6,24,INC48031642,"140,946,784",105,"5,848,267,268","-99,999","76,615,600","-99,999",3,3,0,0,0,0,0,7,proceed,cancel,2023-12-26 16:29:32.000,2024-01-03 07:24:45.000,3,3,1,0,2,2023-12-26 15:04:24,2023,12
6,24,INC48034493,"140,946,784",105,"5,848,267,268","5,848,267,268","76,615,600","-99,999",3,3,0,0,0,0,0,9,proceed,cancel,2023-12-27 01:53:13.000,2023-12-29 08:55:10.000,3,3,1,0,2,2023-12-27 00:20:22,2023,12
6,24,INC48034050,"166,126,616",121,"5,759,423,830","6,016,140,447","52,728,392","561,183,411",6,3,0,0,1,1,0,5,proceed,cancel,2023-12-27 14:06:04.000,2024-01-04 07:46:35.000,3,3,1,0,2,2023-12-26 21:57:03,2023,12
6,31,INC48032178,"140,946,784",16,"6,345,982,539","6,293,179,578","76,615,600","-99,999",10,3,0,0,1,0,0,10,proceed,cancel,2024-02-24 08:05:33.000,2024-02-24 08:06:30.000,3,3,1,0,2,2023-12-26 16:21:54,2023,12
6,24,INC48038487,"266,226,194",121,"6,264,845,105","6,264,845,105","103,974,889","569,381,234",6,3,0,1,0,1,0,8,proceed,cancel,2023-12-28 12:07:59.000,2024-01-01 07:36:32.000,3,3,1,0,2,2023-12-27 17:09:58,2023,12
6,24,INC48034479,"140,946,784",105,"5,848,267,268","6,293,179,578","76,615,600","-99,999",3,3,0,0,0,0,0,15,proceed,cancel,2023-12-29 08:53:51.000,2023-12-29 08:54:41.000,3,3,1,0,2,2023-12-27 00:15:32,2023,12
6,31,INC48039603,"266,226,194",122,"3,790,156,078","6,867,816,743","103,830,082","569,462,307",10,3,0,1,1,1,0,16,proceed,cancel,2024-01-16 18:59:15.000,2024-01-20 08:04:10.000,3,3,1,0,2,2023-12-27 19:01:06,2023,12
6,24,INC48030573,"140,946,784",105,"5,848,267,268","5,848,267,268","61,667,736","-99,999",3,3,0,0,0,0,0,9,proceed,cancel,2023-12-26 10:53:14.000,2024-01-03 07:24:31.000,3,3,1,0,2,2023-12-26 09:30:57,2023,12
6,24,INC48031108,"266,226,194",121,"6,264,845,105","6,867,816,819","103,830,082","569,480,995",6,3,0,1,1,1,0,14,proceed,cancel,2023-12-26 15:19:26.000,2023-12-30 07:38:37.000,3,3,1,0,2,2023-12-26 13:32:08,2023,12
6,24,INC48042238,"140,946,784",105,"5,848,267,268","5,848,267,268","76,615,600","-99,999",3,5,0,0,0,0,0,11,proceed,cancel,2023-12-28 05:23:14.000,2024-01-04 07:26:53.000,3,3,1,0,2,2023-12-28 04:03:46,2023,12
6,24,INC48033569,"140,946,784",105,"5,848,267,268","5,848,267,268","61,667,736","-99,999",3,5,0,0,0,0,0,10,proceed,cancel,2024-01-02 18:53:13.000,2024-01-17 07:59:12.000,3,3,1,0,2,2023-12-26 20:16:33,2023,12
6,24,INC48031494,"140,946,784",105,"5,848,267,268","6,345,982,539","61,667,736","-99,999",3,5,0,0,0,0,0,21,proceed,cancel,2023-12-30 12:32:01.000,2023-12-30 12:32:28.000,3,3,1,0,2,2023-12-26 14:40:53,2023,12
6,24,INC48030555,"140,946,784",105,"5,848,267,268","5,848,267,268","61,667,736","-99,999",3,5,0,0,0,0,0,9,proceed,cancel,2023-12-26 10:53:14.000,2024-01-03 07:24:19.000,3,3,1,0,2,2023-12-26 09:26:01,2023,12
6,24,INC48031615,"266,226,194",121,"6,264,845,105","6,817,328,029","103,830,082","569,465,840",6,3,0,1,1,1,0,22,proceed,cancel,2023-12-26 15:55:18.000,2023-12-30 07:38:40.000,3,3,1,0,2,2023-12-26 14:59:51,2023,12
6,24,INC48034505,"140,946,784",105,"5,848,267,268","5,848,267,268","76,615,600","-99,999",3,3,0,0,0,0,0,9,proceed,cancel,2023-12-27 01:53:14.000,2023-12-29 08:55:02.000,3,3,1,0,2,2023-12-27 00:21:35,2023,12
6,31,INC48034806,"140,946,784",16,"6,293,179,578","5,916,170,592","76,615,600","-99,999",10,3,0,0,3,0,0,12,proceed,cancel,2023-12-27 05:18:19.000,2023-12-27 05:18:43.000,3,3,1,0,2,2023-12-27 03:30:10,2023,12
6,31,INC48032207,"140,946,784",16,"6,345,982,539","6,293,179,578","76,615,600","-99,999",10,3,0,0,1,0,0,11,proceed,cancel,2024-02-24 08:05:32.000,2024-02-24 08:06:26.000,3,3,1,0,2,2023-12-26 16:26:52,2023,12
6,24,INC48030576,"140,946,784",105,"5,848,267,268","5,848,267,268","61,667,736","-99,999",3,3,0,0,0,0,0,9,proceed,cancel,2023-12-26 10:53:14.000,2024-01-03 07:24:35.000,3,3,1,0,2,2023-12-26 09:31:01,2023,12
6,24,INC48041368,"266,226,194",121,"6,799,802,581","6,799,802,581","103,974,889","569,296,391",6,3,0,1,0,1,0,6,proceed,cancel,2023-12-28 20:42:54.000,2024-01-01 07:36:33.000,3,3,1,0,2,2023-12-27 22:48:37,2023,12
6,24,INC48033461,"166,126,616",121,"5,703,039,254","5,703,040,455","52,728,392","214,667,627",10,5,0,0,1,1,0,6,proceed,cancel,2024-01-03 18:01:12.000,2024-01-11 08:31:41.000,2,3,1,0,2,2023-12-26 19:56:57,2023,12
6,24,INC48030554,"140,946,784",105,"5,848,267,268","5,848,267,268","61,667,736","-99,999",3,5,0,0,0,0,0,9,proceed,cancel,2023-12-26 10:53:14.000,2024-01-03 07:24:17.000,3,3,1,0,2,2023-12-26 09:26:00,2023,12
6,24,INC48030556,"140,946,784",105,"5,848,267,268","5,848,267,268","61,667,736","-99,999",3,5,0,0,0,0,0,9,proceed,cancel,2023-12-26 10:53:14.000,2024-01-03 07:24:20.000,3,3,1,0,2,2023-12-26 09:26:03,2023,12
6,24,INC48035001,"140,946,784",105,"5,848,267,268","5,848,267,268","80,859,673","-99,999",3,3,0,0,0,0,0,9,proceed,cancel,2023-12-27 14:53:14.000,2023-12-28 11:39:42.000,3,3,1,0,2,2023-12-27 06:05:12,2023,12
6,24,INC48034517,"140,946,784",105,"5,848,267,268","5,848,267,268","76,615,600","-99,999",3,3,0,0,0,0,0,7,proceed,cancel,2023-12-27 01:53:14.000,2023-12-29 08:55:01.000,3,3,1,0,2,2023-12-27 00:22:22,2023,12
6,24,INC48034494,"140,946,784",105,"5,848,267,268","5,848,267,268","76,615,600","-99,999",3,3,0,0,0,0,0,9,proceed,cancel,2023-12-27 01:53:13.000,2023-12-29 08:55:06.000,3,3,1,0,2,2023-12-27 00:20:24,2023,12
6,31,INC48034691,"166,126,616",16,"3,503,348,459","3,503,348,459","52,729,432","571,333,591",6,3,0,1,0,0,0,4,proceed,cancel,2023-12-27 02:53:02.000,2024-01-03 07:56:06.000,3,3,1,0,2,2023-12-27 02:08:48,2023,12
6,24,INC48031159,"266,226,194",121,"6,264,845,105","6,264,845,105","103,974,889","569,465,840",6,3,0,1,0,1,0,13,proceed,cancel,2023-12-26 14:02:25.000,2023-12-30 07:38:38.000,3,3,1,0,2,2023-12-26 13:43:10,2023,12
6,24,INC48034619,"140,946,784",105,"5,848,267,268","5,848,267,268","80,859,673","-99,999",3,3,0,0,0,0,0,10,proceed,cancel,2023-12-27 22:23:13.000,2023-12-28 12:05:12.000,3,3,1,0,2,2023-12-27 01:20:12,2023,12
6,24,INC48030580,"140,946,784",105,"5,848,267,268","5,848,267,268","61,667,736","-99,999",3,3,0,0,0,0,0,9,proceed,cancel,2023-12-26 10:53:14.000,2024-01-03 07:24:39.000,3,3,1,0,2,2023-12-26 09:31:07,2023,12
6,24,INC48030846,"266,226,194",121,"6,817,328,240","6,817,328,240","103,974,889","569,280,921",6,3,0,0,2,1,0,28,proceed,cancel,2023-12-27 12:14:13.000,2023-12-27 12:14:13.000,3,3,1,0,2,2023-12-26 12:12:26,2023,12
6,24,INC48030559,"140,946,784",105,"5,848,267,268","5,848,267,268","61,667,736","-99,999",3,5,0,0,0,0,0,9,proceed,cancel,2023-12-26 10:53:14.000,2024-01-03 07:24:23.000,3,3,1,0,2,2023-12-26 09:27:01,2023,12
6,24,INC48030570,"140,946,784",105,"5,848,267,268","5,848,267,268","61,667,736","-99,999",3,3,0,0,0,0,0,9,proceed,cancel,2023-12-26 10:53:14.000,2024-01-03 07:24:28.000,3,3,1,0,2,2023-12-26 09:30:52,2023,12
6,24,INC48030551,"140,946,784",105,"5,848,267,268","5,848,267,268","61,667,736","-99,999",3,5,0,0,0,0,0,8,proceed,cancel,2023-12-26 10:53:14.000,2024-01-03 07:24:14.000,3,3,1,0,2,2023-12-26 09:25:55,2023,12
6,24,INC48030708,"140,946,784",105,"5,848,267,268","-99,999","80,859,673","-99,999",3,3,0,0,0,0,0,204,proceed,cancel,2023-12-26 16:18:06.000,2024-01-04 07:26:46.000,3,3,1,0,2,2023-12-26 10:36:25,2023,12
6,24,INC48033601,"140,946,784",105,"5,848,267,268","5,848,267,268","61,667,736","-99,999",3,3,0,0,0,0,0,9,proceed,cancel,2023-12-27 01:23:13.000,2024-01-03 07:24:52.000,3,3,1,0,2,2023-12-26 20:21:27,2023,12
6,24,INC48033855,"140,946,784",105,"5,848,267,268","5,848,267,268","76,615,600","-99,999",3,3,0,0,0,0,0,17,proceed,cancel,2023-12-31 22:23:15.000,2024-01-08 08:02:57.000,3,3,1,0,2,2023-12-26 21:12:54,2023,12
6,24,INC48041551,"166,126,616",51,"5,703,037,422","5,703,040,921","52,728,392","591,460,505",10,3,0,0,1,1,0,7,proceed,cancel,2024-01-02 15:32:45.000,2024-01-10 09:17:29.000,3,3,1,0,2,2023-12-27 23:42:32,2023,12
6,24,INC48033610,"140,946,784",105,"5,848,267,268","5,848,267,268","61,667,736","-99,999",3,3,0,0,0,0,0,9,proceed,cancel,2023-12-27 01:23:13.000,2024-01-03 07:25:01.000,3,3,1,0,2,2023-12-26 20:21:41,2023,12
6,24,INC48033604,"140,946,784",105,"5,848,267,268","5,848,267,268","61,667,736","-99,999",3,3,0,0,0,0,0,9,proceed,cancel,2023-12-27 01:23:13.000,2024-01-03 07:24:55.000,3,3,1,0,2,2023-12-26 20:21:32,2023,12
6,24,INC48034507,"140,946,784",105,"5,848,267,268","5,848,267,268","76,615,600","-99,999",3,3,0,0,0,0,0,9,proceed,cancel,2023-12-27 01:53:14.000,2023-12-29 08:54:59.000,3,3,1,0,2,2023-12-27 00:21:38,2023,12
6,24,INC48038951,"266,226,194",51,"6,247,695,725","6,247,695,725","103,974,889","569,484,795",6,3,0,1,0,1,0,5,proceed,cancel,2023-12-27 18:10:55.000,2023-12-31 07:32:28.000,3,3,1,0,2,2023-12-27 17:56:04,2023,12
6,31,INC48037612,"266,226,194",52,"6,867,816,819","6,817,329,706","103,830,082","569,338,860",12,3,0,0,3,1,0,12,proceed,cancel,2023-12-27 22:57:46.000,2023-12-31 07:32:25.000,3,3,1,1,2,2023-12-27 15:54:58,2023,12
6,24,INC48033164,"266,226,194",121,"6,264,845,105","6,264,845,105","103,974,889","569,465,840",6,3,0,1,0,1,0,7,proceed,cancel,2023-12-26 19:10:49.000,2023-12-30 07:38:44.000,3,3,1,0,2,2023-12-26 19:01:15,2023,12
6,24,INC48033615,"140,946,784",105,"5,848,267,268","5,848,267,268","61,667,736","-99,999",3,3,0,0,0,0,0,9,proceed,cancel,2023-12-27 01:23:14.000,2024-01-03 07:25:06.000,3,3,1,0,2,2023-12-26 20:21:49,2023,12
6,24,INC48030685,"140,946,784",105,"5,848,267,268","5,848,267,268","80,859,673","-99,999",3,3,0,0,0,0,0,7,proceed,cancel,2023-12-26 11:53:13.000,2023-12-26 16:17:37.000,3,3,1,0,2,2023-12-26 10:24:16,2023,12
6,24,INC48033612,"140,946,784",105,"5,848,267,268","5,848,267,268","61,667,736","-99,999",3,3,0,0,0,0,0,9,proceed,cancel,2023-12-27 01:23:13.000,2024-01-03 07:25:03.000,3,3,1,0,2,2023-12-26 20:21:44,2023,12
6,31,INC48032908,"166,126,616",104,"6,059,124,548","6,059,124,548","79,181,792","215,117,249",10,3,0,0,1,1,0,3,proceed,cancel,2023-12-26 18:22:30.000,2024-01-03 07:56:05.000,3,3,1,0,2,2023-12-26 18:20:55,2023,12
6,24,INC48033568,"140,946,784",105,"5,848,267,268","5,848,267,268","61,667,736","-99,999",3,5,0,0,0,0,0,9,proceed,cancel,2023-12-27 01:23:13.000,2024-01-03 07:24:48.000,3,3,1,0,2,2023-12-26 20:16:32,2023,12
6,25,INC48035049,"266,226,194",63,"6,200,018,870","6,200,018,870","103,974,889","569,311,731",6,3,0,1,0,1,0,5,proceed,cancel,2023-12-27 06:39:48.000,2023-12-31 07:32:17.000,3,3,1,0,2,2023-12-27 06:38:55,2023,12
6,24,INC48035215,"140,946,784",105,"5,848,267,268","5,848,267,268","76,615,600","-99,999",3,3,0,0,0,0,0,7,proceed,cancel,2023-12-27 09:53:13.000,2023-12-28 04:32:31.000,3,3,1,0,2,2023-12-27 08:30:32,2023,12
6,24,INC48034506,"140,946,784",105,"5,848,267,268","5,848,267,268","76,615,600","-99,999",3,3,0,0,0,0,0,9,proceed,cancel,2023-12-27 01:53:14.000,2023-12-29 08:55:06.000,3,3,1,0,2,2023-12-27 00:21:37,2023,12
6,24,INC48033009,"266,226,194",121,"6,264,845,105","6,867,816,819","103,830,082","569,465,840",6,3,0,0,1,1,0,38,proceed,cancel,2024-01-04 20:31:30.000,2024-01-11 08:41:42.000,3,3,1,0,2,2023-12-26 18:37:16,2023,12
6,31,INC48032668,"266,226,194",52,"6,264,845,105","6,867,816,819","103,830,082","569,477,533",6,3,0,0,1,1,0,24,proceed,cancel,2023-12-28 12:59:28.000,2024-01-01 07:36:31.000,3,3,1,0,2,2023-12-26 17:43:38,2023,12
6,24,INC48034519,"140,946,784",105,"5,848,267,268","5,848,267,268","76,615,600","-99,999",3,3,0,0,0,0,0,9,proceed,cancel,2023-12-27 01:53:14.000,2023-12-29 08:55:04.000,3,3,1,0,2,2023-12-27 00:22:42,2023,12
6,31,INC47967182,"166,126,616",122,"5,936,352,761","6,059,124,548","79,181,792","576,164,409",10,3,0,0,1,1,0,7,proceed,cancel,2023-12-15 23:56:00.000,2023-12-23 07:42:25.000,3,3,1,0,2,2023-12-15 16:54:49,2023,12
6,24,INC47969176,"166,126,616",121,"6,853,836,737","6,853,836,737","52,729,432","561,214,205",6,3,0,1,0,1,0,4,proceed,cancel,2023-12-15 19:29:56.000,2023-12-23 07:42:26.000,3,3,1,0,2,2023-12-15 19:27:25,2023,12
6,31,INC47969369,"166,126,616",122,"5,936,352,761","6,059,124,548","79,181,792","576,164,409",10,3,0,0,1,1,0,11,proceed,cancel,2023-12-27 15:06:49.000,2024-01-04 07:46:28.000,3,3,1,0,2,2023-12-15 19:44:01,2023,12
6,24,INC47963178,"140,946,784",105,"5,848,267,268","5,848,267,268","80,859,673","-99,999",3,3,0,0,0,0,0,5,proceed,cancel,2023-12-15 08:53:14.000,2023-12-16 07:20:57.000,3,3,1,0,2,2023-12-15 07:42:34,2023,12
6,24,INC47969432,"140,946,784",105,"5,848,267,268","5,848,267,268","76,615,600","-99,999",3,3,0,0,0,0,0,7,proceed,cancel,2023-12-15 21:23:16.000,2023-12-23 07:40:05.000,3,3,1,0,2,2023-12-15 19:49:13,2023,12
6,24,INC47970767,"140,946,784",105,"5,848,267,268","5,848,267,268","80,859,673","-99,999",3,3,0,0,0,0,0,55,proceed,cancel,2023-12-16 06:53:13.000,2023-12-24 07:56:23.000,3,3,1,0,2,2023-12-15 22:21:42,2023,12
6,24,INC47971503,"166,126,616",121,"6,842,456,985","6,016,140,447","52,728,392","215,157,250",6,3,0,0,1,0,0,6,proceed,cancel,2023-12-16 21:05:40.000,2023-12-24 08:46:34.000,3,3,1,0,2,2023-12-16 01:16:40,2023,12
6,24,INC47970914,"140,946,784",105,"5,848,267,268","5,848,267,268","76,615,600","-99,999",3,3,0,0,0,0,0,7,proceed,cancel,2023-12-15 23:53:14.000,2023-12-23 07:40:07.000,3,3,1,0,2,2023-12-15 22:49:33,2023,12
6,31,INC47967745,"266,226,194",122,"3,790,156,078","6,817,328,779","103,830,079","615,495,922",10,3,0,0,2,1,0,13,proceed,cancel,2024-04-17 14:10:18.000,2024-04-21 07:25:34.000,3,3,1,0,2,2023-12-15 17:34:16,2023,12
6,24,INC47965489,"266,226,194",121,"6,838,119,269","6,838,119,269","103,974,889","569,311,341",6,3,0,1,0,1,0,12,proceed,cancel,2023-12-15 14:55:17.000,2023-12-19 09:02:03.000,3,3,1,0,2,2023-12-15 14:36:57,2023,12
6,24,INC47968359,"266,226,194",121,"6,247,695,725","-99,999","103,974,889","569,311,341",6,3,0,0,0,1,0,14,proceed,cancel,2023-12-22 08:02:02.000,2023-12-22 08:02:02.000,3,3,1,0,2,2023-12-15 18:21:20,2023,12
6,24,INC47964134,"140,946,784",105,"5,848,267,268","5,848,267,268","61,667,736","-99,999",3,3,0,0,0,0,0,16,proceed,cancel,2023-12-15 14:23:14.000,2023-12-23 07:40:01.000,3,3,1,0,2,2023-12-15 11:33:42,2023,12
6,25,INC47971157,"166,126,616",63,"6,343,571,534","6,343,571,534","52,729,432","572,579,224",6,3,0,1,0,1,0,3,proceed,cancel,2023-12-15 23:42:07.000,2023-12-23 07:42:27.000,3,3,1,0,2,2023-12-15 23:38:25,2023,12
6,31,INC47970070,"266,226,194",122,"6,313,447,475","6,867,816,743","103,830,082","569,277,615",6,3,0,1,3,0,0,35,proceed,cancel,2024-01-02 19:43:59.000,2024-01-06 07:47:19.000,3,3,1,0,2,2023-12-15 20:54:12,2023,12
